"PDE10195.DAT"
"DP-101  : Tipping bucket rain gage recorder"
"Processed file"
"File creation date   : 1995/02/09 at 15:54:38"
"By                   : VICENCIO"
"Start date           : 01-12-95-08:55"
"Interval             : N/A"
"Preset factor        : 01"
"Calibration factors: sensor 1 : 1  sensor 2 : 1"
"Location : CHAMBERS @ SHANA PARK"
"Note : "

"MT" "DY" "YR" "HHMM" "TOTAL   "

 1 12 1995  942        1
 1 12 1995 1131        2
 1 12 1995 1155        3
 1 12 1995 1447        4
 1 12 1995 1539        5
 1 12 1995 1701        6
 1 12 1995 1712        7
 1 12 1995 1723        8
 1 12 1995 1752        9
 1 13 1995  153       10
 1 13 1995  215       11
 1 13 1995  227       12
 1 13 1995  241       13
 1 13 1995  256       14
 1 13 1995  314       15
 1 13 1995  339       16
 1 13 1995  416       17
 1 13 1995  437       18
 1 13 1995  459       19
 1 13 1995  518       20
 1 13 1995  525       21
 1 13 1995  529       22
 1 13 1995  533       23
 1 13 1995  536       24
 1 13 1995  540       25
 1 13 1995  544       26
 1 13 1995  549       27
 1 13 1995  554       28
 1 13 1995  600       29
 1 13 1995  605       30
 1 13 1995  609       31
 1 13 1995  612       32
 1 13 1995  614       33
 1 13 1995  617       34
 1 13 1995  621       35
 1 13 1995  624       36
 1 13 1995  626       37
 1 13 1995  629       38
 1 13 1995  632       39
 1 13 1995  638       40
 1 13 1995  652       41
 1 13 1995  738       42
 1 13 1995  747       43
 1 13 1995  753       44
 1 13 1995  804       45
 1 13 1995  817       46
 1 13 1995  844       47
 1 13 1995  849       48
 1 13 1995  856       49
 1 13 1995  901       50
 1 13 1995  907       51
 1 13 1995  928       52
 1 14 1995   34       53
 1 14 1995   47       54
 1 14 1995   53       55
 1 14 1995  107       56
 1 14 1995  118       57
 1 14 1995  125       58
 1 14 1995  129       59
 1 14 1995  134       60
 1 14 1995  138       61
 1 14 1995  143       62
 1 14 1995  149       63
 1 14 1995  154       64
 1 14 1995  204       65
 1 14 1995  219       66
 1 14 1995  233       67
 1 14 1995  259       68
 1 14 1995  334       69
 1 14 1995  605       70
 1 14 1995  614       71
 1 14 1995  623       72
 1 14 1995  634       73
 1 14 1995  645       74
 1 14 1995  710       75
 1 14 1995  740       76
 1 14 1995  749       77
 1 14 1995  800       78
 1 14 1995  811       79
 1 14 1995  819       80
 1 14 1995  826       81
 1 14 1995  845       82
 1 14 1995 1209       83
 1 14 1995 1342       84
 1 14 1995 1355       85
 1 14 1995 1713       86
 1 15 1995  555       87
 1 15 1995 1643       88
 1 16 1995   25       89
 1 16 1995  302       90
 1 16 1995  430       91
 1 17 1995  912       92
 1 17 1995  948       93
 1 17 1995 1029       94
 1 17 1995 1135       95
 1 17 1995 1258       96
 1 17 1995 1334       97
 1 17 1995 1415       98
 1 17 1995 1454       99
 1 17 1995 1904      100
 1 17 1995 2113      101
 1 17 1995 2139      102
 1 17 1995 2242      103
 1 17 1995 2306      104
 1 17 1995 2336      105
 1 17 1995 2357      106
 1 18 1995   16      107
 1 18 1995   36      108
 1 18 1995   55      109
 1 18 1995  109      110
 1 18 1995  123      111
 1 18 1995  146      112
 1 18 1995  409      113
 1 18 1995  426      114
 1 18 1995  544      115
 1 18 1995  846      116
 1 18 1995 1231      117
 1 18 1995 1242      118
 1 18 1995 1245      119
 1 18 1995 1252      120
 1 18 1995 1301      121
 1 18 1995 1316      122
 1 18 1995 1324      123
 1 18 1995 1332      124
 1 18 1995 1341      125
 1 18 1995 1351      126
 1 18 1995 1420      127
 1 19 1995 1024      128
 1 21 1995 1021      129
 1 25 1995  116      130
 1 26 1995 1537      131
 1 26 1995 1546      132
 1 26 1995 1638      133
 1 26 1995 1644      134
 1 26 1995 1646      135
 1 26 1995 1648      136
 1 26 1995 1650      137
 1 26 1995 1652      138
 1 26 1995 1656      139
 1 26 1995 1659      140
 1 26 1995 1703      141
 1 26 1995 2012      142
 1 28 1995  610      143
 1 28 1995  749      144
 1 28 1995  803      145
 1 28 1995  817      146
 1 28 1995  828      147
 1 28 1995  836      148
 1 28 1995  848      149
 1 28 1995  908      150
 1 28 1995  931      151
 1 28 1995  949      152
 1 28 1995 1026      153
 1 28 1995 1047      154
 1 28 1995 1102      155
 1 28 1995 1114      156
 1 28 1995 1122      157
 1 28 1995 1132      158
 1 28 1995 1147      159
 1 28 1995 1205      160
 1 28 1995 1214      161
 1 28 1995 1223      162
 1 28 1995 1232      163
 1 28 1995 1240      164
 1 28 1995 1246      165
 1 28 1995 1251      166
 1 28 1995 1258      167
 1 28 1995 1304      168
 1 28 1995 1311      169
 1 28 1995 1317      170
 1 28 1995 1323      171
 1 28 1995 1328      172
 1 28 1995 1332      173
 1 28 1995 1337      174
 1 28 1995 1346      175
 1 28 1995 1353      176
 1 28 1995 1401      177
 1 28 1995 1409      178
 1 28 1995 1420      179
 1 28 1995 1428      180
 1 28 1995 1436      181
 1 28 1995 1444      182
 1 28 1995 1454      183
 1 28 1995 1505      184
 1 28 1995 1513      185
 1 28 1995 1523      186
 1 28 1995 1538      187
 1 28 1995 1557      188
 1 28 1995 1605      189
 1 28 1995 1620      190
 1 28 1995 1631      191
 1 28 1995 1645      192
 1 28 1995 1655      193
 1 28 1995 1710      194
 1 28 1995 1758      195
 1 28 1995 1851      196
 1 28 1995 1924      197
 1 28 1995 1943      198
 1 28 1995 1956      199
 1 28 1995 2018      200
 1 28 1995 2036      201
 1 28 1995 2048      202
 1 28 1995 2102      203
 1 28 1995 2115      204
 1 28 1995 2306      205
 1 29 1995   33      206
 1 29 1995   53      207
 1 29 1995  109      208
 1 29 1995  134      209
 1 29 1995  203      210
 1 29 1995  213      211
 1 29 1995  225      212
 1 29 1995  235      213
 1 29 1995  244      214
 1 29 1995  253      215
 1 29 1995  301      216
 1 29 1995  309      217
 1 29 1995  317      218
 1 29 1995  323      219
 1 29 1995  333      220
 1 29 1995  340      221
 1 29 1995  345      222
 1 29 1995  351      223
 1 29 1995  357      224
 1 29 1995  404      225
 1 29 1995  411      226
 1 29 1995  418      227
 1 29 1995  426      228
 1 29 1995  435      229
 1 29 1995  458      230
 1 29 1995  507      231
 1 29 1995  521      232
 1 29 1995  535      233
 1 29 1995  544      234
 1 29 1995  552      235
 1 29 1995  559      236
 1 29 1995  607      237
 1 29 1995  614      238
 1 29 1995  620      239
 1 29 1995  629      240
 1 29 1995  643      241
 1 29 1995  658      242
 1 29 1995  714      243
 1 29 1995  725      244
 1 29 1995  808      245
 1 29 1995  949      246
 1 29 1995 1104      247
 1 29 1995 1111      248
 1 29 1995 1112      249
 1 29 1995 1120      250
 1 29 1995 1127      251
 1 29 1995 1132      252
 1 29 1995 1138      253
 1 29 1995 1149      254
 1 29 1995 1345      255
 1 30 1995   17      256
 1 30 1995   46      257
 1 30 1995  102      258
 1 30 1995  114      259
 1 30 1995  140      260
 1 30 1995  311      261
 1 30 1995  507      262
 1 30 1995  524      263
 1 30 1995  533      264
 1 30 1995  538      265
 1 30 1995  542      266
 1 30 1995  546      267
 1 30 1995  549      268
 1 30 1995  552      269
 1 30 1995  554      270
 1 30 1995  557      271
 1 30 1995  600      272
 1 30 1995  605      273
 1 30 1995  608      274
 1 30 1995  612      275
 1 30 1995  616      276
 1 30 1995  619      277
 1 30 1995  621      278
 1 30 1995  624      279
 1 30 1995  626      280
 1 30 1995  629      281
 1 30 1995  631      282
 1 30 1995  633      283
 1 30 1995  636      284
 1 30 1995  639      285
 1 30 1995  643      286
 1 30 1995  647      287
 1 30 1995  650      288
 1 30 1995  651      289
 1 30 1995  651      290
 1 30 1995  653      291
 1 30 1995  657      292
 1 30 1995  703      293
 1 30 1995  708      294
 1 30 1995  725      295
 1 30 1995  740      296
 1 30 1995  743      297
 1 30 1995  746      298
 1 30 1995  749      299
 1 30 1995  752      300
 1 30 1995  754      301
 1 30 1995  757      302
 1 30 1995  759      303
 1 30 1995  802      304
 1 30 1995  807      305
 1 30 1995  810      306
 1 30 1995  812      307
 1 30 1995  815      308
 1 30 1995  822      309
 1 30 1995  839      310
 1 30 1995  842      311
 1 30 1995  843      312
 1 30 1995  925      313
 1 30 1995 1221      314
 1 30 1995 1344      315
 1 30 1995 1347      316
 1 30 1995 1352      317
 1 30 1995 1359      318
 1 30 1995 1418      319
 1 30 1995 1420      320
 1 30 1995 2102      321
 1 30 1995 2121      322
 1 30 1995 2129      323
 1 30 1995 2137      324
 1 30 1995 2145      325
 1 30 1995 2154      326
 1 30 1995 2203      327
 1 30 1995 2210      328
 1 30 1995 2216      329
 1 30 1995 2221      330
 1 30 1995 2225      331
 1 30 1995 2231      332
 1 30 1995 2236      333
 1 30 1995 2244      334
 1 30 1995 2251      335
 1 30 1995 2259      336
 1 30 1995 2307      337
 1 30 1995 2313      338
 1 30 1995 2319      339
 1 30 1995 2325      340
 1 30 1995 2330      341
 1 30 1995 2336      342
 1 30 1995 2342      343
 1 30 1995 2347      344
 1 30 1995 2352      345
 1 30 1995 2358      346
 1 31 1995    4      347
 1 31 1995    9      348
 1 31 1995   14      349
 1 31 1995   19      350
 1 31 1995   24      351
 1 31 1995   30      352
 1 31 1995   35      353
 1 31 1995   39      354
 1 31 1995   42      355
 1 31 1995   46      356
 1 31 1995   50      357
 1 31 1995   55      358
 1 31 1995   58      359
 1 31 1995  102      360
 1 31 1995  106      361
 1 31 1995  110      362
 1 31 1995  115      363
 1 31 1995  119      364
 1 31 1995  124      365
 1 31 1995  131      366
 1 31 1995  135      367
 1 31 1995  139      368
 1 31 1995  143      369
 1 31 1995  148      370
 1 31 1995  152      371
 1 31 1995  156      372
 1 31 1995  159      373
 1 31 1995  202      374
 1 31 1995  205      375
 1 31 1995  208      376
 1 31 1995  212      377
 1 31 1995  216      378
 1 31 1995  219      379
 1 31 1995  222      380
 1 31 1995  226      381
 1 31 1995  228      382
 1 31 1995  231      383
 1 31 1995  235      384
 1 31 1995  238      385
 1 31 1995  241      386
 1 31 1995  243      387
 1 31 1995  246      388
 1 31 1995  249      389
 1 31 1995  251      390
 1 31 1995  258      391
 1 31 1995  301      392
 1 31 1995  304      393
 1 31 1995  307      394
 1 31 1995  310      395
 1 31 1995  313      396
 1 31 1995  318      397
 1 31 1995  323      398
 1 31 1995  328      399
 1 31 1995  335      400
 1 31 1995  341      401
 1 31 1995  345      402
 1 31 1995  349      403
 1 31 1995  355      404
 1 31 1995  400      405
 1 31 1995  404      406
 1 31 1995  408      407
 1 31 1995  412      408
 1 31 1995  416      409
 1 31 1995  420      410
 1 31 1995  423      411
 1 31 1995  427      412
 1 31 1995  432      413
 1 31 1995  435      414
 1 31 1995  437      415
 1 31 1995  440      416
 1 31 1995  443      417
 1 31 1995  446      418
 1 31 1995  449      419
 1 31 1995  452      420
 1 31 1995  456      421
 1 31 1995  459      422
 1 31 1995  502      423
 1 31 1995  505      424
 1 31 1995  508      425
 1 31 1995  511      426
 1 31 1995  514      427
 1 31 1995  518      428
 1 31 1995  523      429
 1 31 1995  528      430
 1 31 1995  532      431
 1 31 1995  536      432
 1 31 1995  540      433
 1 31 1995  543      434
 1 31 1995  546      435
 1 31 1995  551      436
 1 31 1995  610      437
 1 31 1995  647      438
 1 31 1995  648      439
 1 31 1995  650      440
 1 31 1995  651      441
 1 31 1995  653      442
 1 31 1995  706      443
 1 31 1995  713      444
 1 31 1995  715      445
 1 31 1995  719      446
 1 31 1995  725      447
 1 31 1995  733      448
 1 31 1995  742      449
 1 31 1995  754      450
 1 31 1995  800      451
 1 31 1995  803      452
 1 31 1995  804      453
 1 31 1995  806      454
 1 31 1995  810      455
 1 31 1995  814      456
 1 31 1995  818      457
 1 31 1995  822      458
 1 31 1995  827      459
 1 31 1995  830      460
 1 31 1995  832      461
 1 31 1995  834      462
 1 31 1995  836      463
 1 31 1995  838      464
 1 31 1995  843      465
 1 31 1995  849      466
 1 31 1995  900      467
 1 31 1995  907      468
 1 31 1995  910      469
 1 31 1995  912      470
 1 31 1995  917      471
 1 31 1995  919      472
 1 31 1995  921      473
 1 31 1995  927      474
 1 31 1995  930      475
 1 31 1995  933      476
 1 31 1995  941      477
 1 31 1995  948      478
 1 31 1995  956      479
 1 31 1995 1006      480
 1 31 1995 1014      481
 1 31 1995 1137      482
 1 31 1995 1139      483
 1 31 1995 1141      484
 1 31 1995 1155      485
 1 31 1995 1305      486
 1 31 1995 1314      487
 1 31 1995 1343      488
 1 31 1995 1345      489
 1 31 1995 1346      490
 1 31 1995 1348      491
 1 31 1995 1349      492
 1 31 1995 1355      493
 1 31 1995 1436      494
 1 31 1995 1504      495
 1 31 1995 1514      496
 1 31 1995 1836      497
 2  1 1995 1129      498
 2  1 1995 1223      499
 2  1 1995 1234      500
 2  1 1995 1246      501
 2  1 1995 1338      502
 2  1 1995 1352      503
 2  1 1995 1359      504
 2  1 1995 1403      505
 2  1 1995 1407      506
 2  1 1995 1410      507
 2  1 1995 1415      508
 2  1 1995 1419      509
 2  1 1995 1422      510
 2  1 1995 1426      511
 2  1 1995 1433      512
 2  1 1995 1440      513
 2  1 1995 1448      514
 2  1 1995 1456      515
 2  1 1995 1505      516
 2  1 1995 1521      517
 2  3 1995  454      518
 2  3 1995  505      519
 2  6 1995  535      520
