"PDE10393.DAT"
"DP-101  : Tipping bucket rain gage recorder"
"Processed file"
"File creation date   : 1993/04/19 at 16:48:37"
"By                   : KLAVAS     "
"Start date           : 03-05-93-13:48"
"Interval             : N/A"
"Preset factor        : 01"
"Calibration factors: sensor 1 : 1  sensor 2 : 1"
"Location : CHAMBERS AT RICH RD."
"Note : "

"MT" "DY" "YR" "HHMM" "TOTAL   "

 3 13 1993 1946        1
 3 13 1993 1955        2
 3 13 1993 2003        3
 3 13 1993 2017        4
 3 13 1993 2030        5
 3 13 1993 2049        6
 3 13 1993 2124        7
 3 13 1993 2140        8
 3 13 1993 2314        9
 3 13 1993 2330       10
 3 13 1993 2347       11
 3 14 1993    2       12
 3 14 1993   56       13
 3 14 1993  145       14
 3 14 1993  240       15
 3 14 1993  506       16
 3 14 1993  628       17
 3 14 1993  816       18
 3 14 1993  902       19
 3 14 1993 1038       20
 3 14 1993 1047       21
 3 14 1993 1051       22
 3 14 1993 1055       23
 3 14 1993 1101       24
 3 14 1993 1141       25
 3 14 1993 1152       26
 3 14 1993 1343       27
 3 14 1993 1347       28
 3 14 1993 1354       29
 3 14 1993 1401       30
 3 14 1993 1408       31
 3 14 1993 1414       32
 3 14 1993 1421       33
 3 14 1993 1512       34
 3 14 1993 1516       35
 3 14 1993 1520       36
 3 14 1993 1528       37
 3 14 1993 1538       38
 3 14 1993 1604       39
 3 14 1993 1608       40
 3 14 1993 1631       41
 3 14 1993 1634       42
 3 14 1993 1641       43
 3 14 1993 1647       44
 3 14 1993 1657       45
 3 14 1993 1658       46
 3 14 1993 1703       47
 3 14 1993 1728       48
 3 14 1993 1732       49
 3 14 1993 1735       50
 3 14 1993 1738       51
 3 14 1993 1747       52
 3 14 1993 1808       53
 3 14 1993 1813       54
 3 14 1993 1848       55
 3 14 1993 1856       56
 3 14 1993 1903       57
 3 14 1993 1928       58
 3 14 1993 1934       59
 3 14 1993 1936       60
 3 14 1993 1937       61
 3 14 1993 1938       62
 3 14 1993 1940       63
 3 14 1993 1941       64
 3 14 1993 1946       65
 3 14 1993 1955       66
 3 14 1993 2022       67
 3 14 1993 2030       68
 3 14 1993 2051       69
 3 14 1993 2105       70
 3 14 1993 2138       71
 3 14 1993 2149       72
 3 14 1993 2222       73
 3 14 1993 2309       74
 3 14 1993 2325       75
 3 14 1993 2329       76
 3 14 1993 2334       77
 3 14 1993 2337       78
 3 14 1993 2348       79
 3 15 1993    2       80
 3 15 1993    8       81
 3 15 1993   17       82
 3 15 1993   35       83
 3 16 1993 1336       84
 3 16 1993 1351       85
 3 16 1993 1359       86
 3 16 1993 1406       87
 3 16 1993 1411       88
 3 16 1993 1422       89
 3 16 1993 1435       90
 3 16 1993 1445       91
 3 16 1993 1455       92
 3 16 1993 1508       93
 3 16 1993 1516       94
 3 16 1993 1523       95
 3 16 1993 1529       96
 3 16 1993 1539       97
 3 16 1993 1545       98
 3 16 1993 1551       99
 3 16 1993 1555      100
 3 16 1993 1559      101
 3 16 1993 1605      102
 3 16 1993 1612      103
 3 16 1993 1618      104
 3 16 1993 1624      105
 3 16 1993 1629      106
 3 16 1993 1634      107
 3 16 1993 1636      108
 3 16 1993 1640      109
 3 16 1993 1644      110
 3 16 1993 1647      111
 3 16 1993 1649      112
 3 16 1993 1653      113
 3 16 1993 1656      114
 3 16 1993 1700      115
 3 16 1993 1704      116
 3 16 1993 1707      117
 3 16 1993 1710      118
 3 16 1993 1712      119
 3 16 1993 1714      120
 3 16 1993 1716      121
 3 16 1993 1718      122
 3 16 1993 1722      123
 3 16 1993 1726      124
 3 16 1993 1732      125
 3 16 1993 1739      126
 3 16 1993 1743      127
 3 16 1993 1748      128
 3 16 1993 1757      129
 3 16 1993 1813      130
 3 16 1993 1827      131
 3 16 1993 1844      132
 3 16 1993 1851      133
 3 16 1993 1854      134
 3 16 1993 1908      135
 3 16 1993 1931      136
 3 16 1993 2000      137
 3 16 1993 2025      138
 3 16 1993 2046      139
 3 16 1993 2108      140
 3 16 1993 2121      141
 3 16 1993 2128      142
 3 16 1993 2142      143
 3 16 1993 2200      144
 3 16 1993 2217      145
 3 16 1993 2245      146
 3 16 1993 2320      147
 3 17 1993  720      148
 3 17 1993 1218      149
 3 17 1993 1232      150
 3 17 1993 1320      151
 3 17 1993 1417      152
 3 17 1993 1542      153
 3 17 1993 1701      154
 3 17 1993 1955      155
 3 17 1993 2359      156
 3 19 1993 1941      157
 3 19 1993 2006      158
 3 19 1993 2018      159
 3 19 1993 2028      160
 3 19 1993 2055      161
 3 19 1993 2135      162
 3 19 1993 2149      163
 3 19 1993 2204      164
 3 19 1993 2214      165
 3 19 1993 2225      166
 3 19 1993 2238      167
 3 19 1993 2251      168
 3 19 1993 2315      169
 3 19 1993 2336      170
 3 19 1993 2355      171
 3 20 1993   30      172
 3 20 1993   39      173
 3 20 1993   44      174
 3 20 1993   51      175
 3 20 1993  144      176
 3 20 1993  152      177
 3 20 1993  155      178
 3 20 1993  215      179
 3 20 1993  753      180
 3 20 1993  847      181
 3 20 1993 1131      182
 3 20 1993 1144      183
 3 21 1993   36      184
 3 21 1993  616      185
 3 21 1993  821      186
 3 21 1993  840      187
 3 21 1993  854      188
 3 21 1993  922      189
 3 21 1993  931      190
 3 22 1993  303      191
 3 22 1993  330      192
 3 22 1993  412      193
 3 22 1993  424      194
 3 22 1993  438      195
 3 22 1993  451      196
 3 22 1993  502      197
 3 22 1993  512      198
 3 22 1993  522      199
 3 22 1993  529      200
 3 22 1993  537      201
 3 22 1993  543      202
 3 22 1993  548      203
 3 22 1993  553      204
 3 22 1993  558      205
 3 22 1993  605      206
 3 22 1993  610      207
 3 22 1993  611      208
 3 22 1993  612      209
 3 22 1993  613      210
 3 22 1993  616      211
 3 22 1993  620      212
 3 22 1993  628      213
 3 22 1993  634      214
 3 22 1993  638      215
 3 22 1993  644      216
 3 22 1993  651      217
 3 22 1993  656      218
 3 22 1993  702      219
 3 22 1993  709      220
 3 22 1993  716      221
 3 22 1993  723      222
 3 22 1993  732      223
 3 22 1993  738      224
 3 22 1993  744      225
 3 22 1993  749      226
 3 22 1993  754      227
 3 22 1993  759      228
 3 22 1993  804      229
 3 22 1993  807      230
 3 22 1993  813      231
 3 22 1993  821      232
 3 22 1993  830      233
 3 22 1993  838      234
 3 22 1993  911      235
 3 22 1993  928      236
 3 22 1993  933      237
 3 22 1993  937      238
 3 22 1993  940      239
 3 22 1993  945      240
 3 22 1993  950      241
 3 22 1993  955      242
 3 22 1993 1003      243
 3 22 1993 1008      244
 3 22 1993 1013      245
 3 22 1993 1017      246
 3 22 1993 1025      247
 3 22 1993 1029      248
 3 22 1993 1037      249
 3 22 1993 1058      250
 3 22 1993 1121      251
 3 22 1993 1140      252
 3 22 1993 1201      253
 3 22 1993 1228      254
 3 22 1993 1251      255
 3 22 1993 1305      256
 3 22 1993 1313      257
 3 22 1993 1317      258
 3 22 1993 1323      259
 3 22 1993 1328      260
 3 22 1993 1340      261
 3 22 1993 1351      262
 3 22 1993 1359      263
 3 22 1993 1406      264
 3 22 1993 1412      265
 3 22 1993 1418      266
 3 22 1993 1422      267
 3 22 1993 1427      268
 3 22 1993 1433      269
 3 22 1993 1438      270
 3 22 1993 1444      271
 3 22 1993 1450      272
 3 22 1993 1456      273
 3 22 1993 1502      274
 3 22 1993 1508      275
 3 22 1993 1513      276
 3 22 1993 1518      277
 3 22 1993 1521      278
 3 22 1993 1526      279
 3 22 1993 1531      280
 3 22 1993 1535      281
 3 22 1993 1540      282
 3 22 1993 1543      283
 3 22 1993 1548      284
 3 22 1993 1552      285
 3 22 1993 1556      286
 3 22 1993 1601      287
 3 22 1993 1606      288
 3 22 1993 1611      289
 3 22 1993 1615      290
 3 22 1993 1619      291
 3 22 1993 1623      292
 3 22 1993 1626      293
 3 22 1993 1630      294
 3 22 1993 1635      295
 3 22 1993 1639      296
 3 22 1993 1643      297
 3 22 1993 1647      298
 3 22 1993 1654      299
 3 22 1993 1702      300
 3 22 1993 1709      301
 3 22 1993 1720      302
 3 22 1993 1727      303
 3 22 1993 1730      304
 3 22 1993 1733      305
 3 22 1993 1736      306
 3 22 1993 1741      307
 3 22 1993 1745      308
 3 22 1993 1750      309
 3 22 1993 1755      310
 3 22 1993 1800      311
 3 22 1993 1808      312
 3 22 1993 1819      313
 3 22 1993 1825      314
 3 22 1993 1831      315
 3 22 1993 1835      316
 3 22 1993 1840      317
 3 22 1993 1844      318
 3 22 1993 1848      319
 3 22 1993 1851      320
 3 22 1993 1853      321
 3 22 1993 1855      322
 3 22 1993 1859      323
 3 22 1993 1905      324
 3 22 1993 1911      325
 3 22 1993 1917      326
 3 22 1993 1923      327
 3 22 1993 1928      328
 3 22 1993 1933      329
 3 22 1993 1937      330
 3 22 1993 1942      331
 3 22 1993 1948      332
 3 22 1993 1957      333
 3 22 1993 2004      334
 3 22 1993 2018      335
 3 22 1993 2027      336
 3 22 1993 2036      337
 3 22 1993 2041      338
 3 22 1993 2045      339
 3 22 1993 2051      340
 3 22 1993 2058      341
 3 22 1993 2107      342
 3 22 1993 2115      343
 3 22 1993 2121      344
 3 22 1993 2126      345
 3 22 1993 2129      346
 3 22 1993 2134      347
 3 22 1993 2137      348
 3 22 1993 2140      349
 3 22 1993 2144      350
 3 22 1993 2148      351
 3 22 1993 2150      352
 3 22 1993 2153      353
 3 22 1993 2156      354
 3 22 1993 2200      355
 3 22 1993 2204      356
 3 22 1993 2210      357
 3 22 1993 2215      358
 3 22 1993 2221      359
 3 22 1993 2227      360
 3 22 1993 2236      361
 3 22 1993 2249      362
 3 22 1993 2257      363
 3 22 1993 2302      364
 3 22 1993 2315      365
 3 22 1993 2352      366
 3 23 1993   19      367
 3 23 1993  129      368
 3 23 1993  146      369
 3 23 1993  306      370
 3 23 1993  634      371
 3 23 1993  706      372
 3 23 1993  725      373
 3 23 1993  731      374
 3 23 1993  734      375
 3 23 1993  738      376
 3 23 1993  744      377
 3 23 1993 1037      378
 3 23 1993 1718      379
 3 23 1993 1723      380
 3 23 1993 1729      381
 3 24 1993  102      382
 3 29 1993  354      383
 3 29 1993  459      384
 3 29 1993  612      385
 3 30 1993  808      386
 3 30 1993  824      387
 3 30 1993  841      388
 3 30 1993  850      389
 3 30 1993  854      390
 3 30 1993  902      391
 3 30 1993  914      392
 3 30 1993  921      393
 3 30 1993  925      394
 3 30 1993  934      395
 3 30 1993 1004      396
 3 30 1993 1011      397
 3 30 1993 1017      398
 3 30 1993 1034      399
 3 30 1993 1043      400
 3 30 1993 1047      401
 3 30 1993 1053      402
 3 31 1993 2033      403
 3 31 1993 2133      404
 3 31 1993 2201      405
 3 31 1993 2211      406
 3 31 1993 2220      407
 3 31 1993 2233      408
 3 31 1993 2245      409
 3 31 1993 2253      410
 3 31 1993 2258      411
 3 31 1993 2303      412
 3 31 1993 2309      413
 3 31 1993 2315      414
 3 31 1993 2323      415
 3 31 1993 2329      416
 3 31 1993 2337      417
 3 31 1993 2345      418
 3 31 1993 2351      419
 3 31 1993 2356      420
 4  1 1993    3      421
 4  1 1993   16      422
 4  1 1993   37      423
 4  1 1993   49      424
 4  1 1993  102      425
 4  1 1993  116      426
 4  1 1993  126      427
 4  1 1993  139      428
 4  1 1993  149      429
 4  1 1993  201      430
 4  1 1993  220      431
 4  1 1993  244      432
 4  1 1993  303      433
 4  1 1993  319      434
 4  1 1993  404      435
 4  1 1993 1759      436
 4  1 1993 1805      437
 4  1 1993 1813      438
 4  1 1993 1905      439
 4  1 1993 1918      440
 4  1 1993 1932      441
 4  1 1993 2044      442
 4  1 1993 2104      443
 4  1 1993 2114      444
 4  1 1993 2126      445
 4  1 1993 2131      446
 4  1 1993 2143      447
 4  1 1993 2146      448
 4  1 1993 2151      449
 4  1 1993 2159      450
 4  1 1993 2210      451
 4  1 1993 2254      452
 4  2 1993  108      453
 4  2 1993  227      454
 4  2 1993  627      455
 4  2 1993  904      456
 4  2 1993  943      457
 4  2 1993 1002      458
 4  2 1993 1200      459
 4  2 1993 1233      460
 4  2 1993 1301      461
 4  2 1993 1313      462
 4  2 1993 1329      463
 4  2 1993 1337      464
 4  2 1993 1342      465
 4  2 1993 1400      466
 4  2 1993 1418      467
 4  2 1993 1446      468
 4  2 1993 1510      469
 4  2 1993 1537      470
 4  2 1993 1616      471
 4  2 1993 1639      472
 4  2 1993 1704      473
 4  2 1993 1718      474
 4  2 1993 1737      475
 4  3 1993  203      476
 4  3 1993  454      477
 4  3 1993  503      478
 4  3 1993  516      479
 4  3 1993  526      480
 4  3 1993  535      481
 4  3 1993  541      482
 4  3 1993  548      483
 4  3 1993  600      484
 4  3 1993  611      485
 4  3 1993  617      486
 4  3 1993  623      487
 4  3 1993  629      488
 4  3 1993  640      489
 4  3 1993  648      490
 4  3 1993  658      491
 4  3 1993  704      492
 4  3 1993  712      493
 4  3 1993  720      494
 4  3 1993  733      495
 4  3 1993  752      496
 4  3 1993  829      497
 4  3 1993  900      498
 4  5 1993  346      499
 4  5 1993  511      500
 4  5 1993  708      501
 4  5 1993  855      502
 4  6 1993  310      503
 4  6 1993  325      504
 4  6 1993  418      505
 4  6 1993  609      506
