"PDE10193.DAT"
"DP-101  : Tipping bucket rain gage recorder"
"Processed file"
"File creation date   : 1993/02/11 at 11:38:35"
"By                   : CHRISTENSEN"
"Start date           : 01-06-93-13:23"
"Interval             : N/A"
"Preset factor        : 01"
"Calibration factors: sensor 1 : 1  sensor 2 : 1"
"Location : "
"Note : "

"MT" "DY" "YR" "HHMM" "TOTAL   "

 1 15 1993 1013        1
 1 16 1993 1049        2
 1 19 1993  747        3
 1 19 1993  754        4
 1 19 1993  755        5
 1 19 1993  755        6
 1 19 1993  756        7
 1 19 1993  757        8
 1 19 1993  805        9
 1 19 1993  818       10
 1 19 1993  824       11
 1 19 1993  838       12
 1 19 1993  842       13
 1 19 1993  853       14
 1 19 1993  859       15
 1 19 1993  905       16
 1 19 1993  910       17
 1 19 1993  920       18
 1 19 1993  929       19
 1 19 1993  939       20
 1 19 1993  945       21
 1 19 1993  951       22
 1 19 1993 1003       23
 1 19 1993 1020       24
 1 19 1993 1036       25
 1 19 1993 1133       26
 1 19 1993 1156       27
 1 19 1993 1220       28
 1 19 1993 1254       29
 1 19 1993 1408       30
 1 19 1993 1416       31
 1 19 1993 1424       32
 1 19 1993 1432       33
 1 19 1993 1444       34
 1 19 1993 1456       35
 1 19 1993 1534       36
 1 19 1993 1557       37
 1 19 1993 1621       38
 1 19 1993 1635       39
 1 19 1993 1710       40
 1 19 1993 1722       41
 1 19 1993 1737       42
 1 19 1993 1749       43
 1 19 1993 1914       44
 1 19 1993 1952       45
 1 19 1993 2033       46
 1 19 1993 2241       47
 1 19 1993 2259       48
 1 19 1993 2313       49
 1 19 1993 2321       50
 1 19 1993 2332       51
 1 19 1993 2341       52
 1 19 1993 2348       53
 1 19 1993 2358       54
 1 20 1993    4       55
 1 20 1993   13       56
 1 20 1993   25       57
 1 20 1993   36       58
 1 20 1993   46       59
 1 20 1993   54       60
 1 20 1993  100       61
 1 20 1993  107       62
 1 20 1993  113       63
 1 20 1993  123       64
 1 20 1993  134       65
 1 20 1993  146       66
 1 20 1993  154       67
 1 20 1993  202       68
 1 20 1993  207       69
 1 20 1993  212       70
 1 20 1993  217       71
 1 20 1993  222       72
 1 20 1993  226       73
 1 20 1993  230       74
 1 20 1993  233       75
 1 20 1993  237       76
 1 20 1993  241       77
 1 20 1993  245       78
 1 20 1993  249       79
 1 20 1993  253       80
 1 20 1993  256       81
 1 20 1993  300       82
 1 20 1993  304       83
 1 20 1993  309       84
 1 20 1993  314       85
 1 20 1993  320       86
 1 20 1993  326       87
 1 20 1993  335       88
 1 20 1993  351       89
 1 20 1993  424       90
 1 20 1993  426       91
 1 20 1993  429       92
 1 20 1993  453       93
 1 20 1993  500       94
 1 20 1993  513       95
 1 20 1993  517       96
 1 20 1993  523       97
 1 20 1993  528       98
 1 20 1993  535       99
 1 20 1993  546      100
 1 20 1993  549      101
 1 20 1993  552      102
 1 20 1993  554      103
 1 20 1993  558      104
 1 20 1993  608      105
 1 20 1993  617      106
 1 20 1993  619      107
 1 20 1993  621      108
 1 20 1993  624      109
 1 20 1993  633      110
 1 20 1993  646      111
 1 20 1993  743      112
 1 20 1993  748      113
 1 20 1993  754      114
 1 20 1993  758      115
 1 20 1993  803      116
 1 20 1993  808      117
 1 20 1993  812      118
 1 20 1993  815      119
 1 20 1993  824      120
 1 20 1993  835      121
 1 20 1993  847      122
 1 20 1993  905      123
 1 20 1993  912      124
 1 20 1993  918      125
 1 20 1993  924      126
 1 20 1993  929      127
 1 20 1993  934      128
 1 20 1993  938      129
 1 20 1993  943      130
 1 20 1993  950      131
 1 20 1993  957      132
 1 20 1993 1003      133
 1 20 1993 1013      134
 1 20 1993 1022      135
 1 20 1993 1028      136
 1 20 1993 1035      137
 1 20 1993 1041      138
 1 20 1993 1047      139
 1 20 1993 1053      140
 1 20 1993 1059      141
 1 20 1993 1106      142
 1 20 1993 1114      143
 1 20 1993 1123      144
 1 20 1993 1133      145
 1 20 1993 1149      146
 1 20 1993 1235      147
 1 20 1993 1337      148
 1 20 1993 1348      149
 1 20 1993 1412      150
 1 20 1993 1431      151
 1 20 1993 1440      152
 1 20 1993 1443      153
 1 20 1993 1448      154
 1 20 1993 1506      155
 1 20 1993 1524      156
 1 20 1993 1540      157
 1 20 1993 1553      158
 1 20 1993 1557      159
 1 20 1993 1619      160
 1 20 1993 1627      161
 1 20 1993 1656      162
 1 20 1993 1712      163
 1 20 1993 1730      164
 1 20 1993 2106      165
 1 20 1993 2111      166
 1 20 1993 2114      167
 1 20 1993 2116      168
 1 20 1993 2117      169
 1 20 1993 2119      170
 1 20 1993 2120      171
 1 20 1993 2121      172
 1 20 1993 2122      173
 1 20 1993 2123      174
 1 20 1993 2124      175
 1 20 1993 2126      176
 1 20 1993 2127      177
 1 20 1993 2129      178
 1 20 1993 2131      179
 1 20 1993 2133      180
 1 20 1993 2135      181
 1 20 1993 2136      182
 1 20 1993 2137      183
 1 20 1993 2138      184
 1 20 1993 2140      185
 1 20 1993 2141      186
 1 20 1993 2143      187
 1 20 1993 2145      188
 1 20 1993 2155      189
 1 21 1993  121      190
 1 21 1993  127      191
 1 21 1993  132      192
 1 21 1993  135      193
 1 21 1993  138      194
 1 21 1993  139      195
 1 21 1993  142      196
 1 21 1993  144      197
 1 21 1993  150      198
 1 21 1993  205      199
 1 21 1993  233      200
 1 21 1993  235      201
 1 21 1993  238      202
 1 21 1993  240      203
 1 21 1993  242      204
 1 21 1993  244      205
 1 21 1993  247      206
 1 21 1993  251      207
 1 21 1993  303      208
 1 21 1993  309      209
 1 21 1993  312      210
 1 21 1993  313      211
 1 21 1993  315      212
 1 21 1993  318      213
 1 21 1993  322      214
 1 21 1993  325      215
 1 21 1993  335      216
 1 21 1993  338      217
 1 21 1993  340      218
 1 21 1993  342      219
 1 21 1993  344      220
 1 21 1993  348      221
 1 21 1993  447      222
 1 21 1993  703      223
 1 21 1993 1800      224
 1 22 1993  340      225
 1 22 1993  631      226
 1 23 1993 1458      227
 1 23 1993 2239      228
 1 24 1993  105      229
 1 24 1993  109      230
 1 24 1993  114      231
 1 24 1993  118      232
 1 24 1993  122      233
 1 24 1993  125      234
 1 24 1993  129      235
 1 24 1993  132      236
 1 24 1993  136      237
 1 24 1993  139      238
 1 24 1993  143      239
 1 24 1993  150      240
 1 24 1993  153      241
 1 24 1993  157      242
 1 24 1993  201      243
 1 24 1993  203      244
 1 24 1993  207      245
 1 24 1993  212      246
 1 24 1993  217      247
 1 24 1993  222      248
 1 24 1993  229      249
 1 24 1993  238      250
 1 24 1993  243      251
 1 24 1993  250      252
 1 24 1993  259      253
 1 24 1993  310      254
 1 24 1993  314      255
 1 24 1993  321      256
 1 24 1993  327      257
 1 24 1993  332      258
 1 24 1993  339      259
 1 24 1993  345      260
 1 24 1993  350      261
 1 24 1993  403      262
 1 24 1993  411      263
 1 24 1993  420      264
 1 24 1993  430      265
 1 24 1993  447      266
 1 24 1993  754      267
 1 24 1993  814      268
 1 24 1993  837      269
 1 24 1993  911      270
 1 24 1993  924      271
 1 24 1993  939      272
 1 24 1993  947      273
 1 24 1993  954      274
 1 24 1993 1000      275
 1 24 1993 1009      276
 1 24 1993 1019      277
 1 24 1993 1025      278
 1 24 1993 1028      279
 1 24 1993 1036      280
 1 24 1993 1041      281
 1 24 1993 1047      282
 1 24 1993 1052      283
 1 24 1993 1059      284
 1 24 1993 1105      285
 1 24 1993 1120      286
 1 24 1993 1141      287
 1 24 1993 1213      288
 1 24 1993 1241      289
 1 24 1993 1315      290
 1 24 1993 1339      291
 1 24 1993 1406      292
 1 24 1993 1455      293
 1 24 1993 1509      294
 1 24 1993 1526      295
 1 24 1993 1536      296
 1 24 1993 1545      297
 1 24 1993 1640      298
 1 24 1993 1657      299
 1 24 1993 1713      300
 1 24 1993 1730      301
 1 24 1993 1743      302
 1 24 1993 1751      303
 1 24 1993 1800      304
 1 24 1993 1807      305
 1 24 1993 1818      306
 1 24 1993 1828      307
 1 24 1993 1836      308
 1 24 1993 1848      309
 1 24 1993 1856      310
 1 24 1993 1906      311
 1 24 1993 1914      312
 1 24 1993 1919      313
 1 24 1993 1925      314
 1 24 1993 1929      315
 1 24 1993 1935      316
 1 24 1993 1939      317
 1 24 1993 1944      318
 1 24 1993 1948      319
 1 24 1993 1955      320
 1 24 1993 2002      321
 1 24 1993 2017      322
 1 24 1993 2026      323
 1 24 1993 2033      324
 1 24 1993 2036      325
 1 24 1993 2040      326
 1 24 1993 2043      327
 1 24 1993 2045      328
 1 24 1993 2049      329
 1 24 1993 2059      330
 1 24 1993 2110      331
 1 24 1993 2121      332
 1 24 1993 2139      333
 1 24 1993 2150      334
 1 24 1993 2200      335
 1 24 1993 2222      336
 1 24 1993 2228      337
 1 24 1993 2233      338
 1 24 1993 2236      339
 1 24 1993 2248      340
 1 24 1993 2258      341
 1 24 1993 2306      342
 1 24 1993 2314      343
 1 24 1993 2323      344
 1 24 1993 2326      345
 1 24 1993 2328      346
 1 24 1993 2330      347
 1 24 1993 2332      348
 1 24 1993 2334      349
 1 24 1993 2336      350
 1 24 1993 2338      351
 1 24 1993 2341      352
 1 24 1993 2343      353
 1 24 1993 2346      354
 1 24 1993 2350      355
 1 24 1993 2356      356
 1 25 1993    8      357
 1 25 1993   21      358
 1 25 1993   41      359
 1 25 1993  106      360
 1 25 1993  113      361
 1 25 1993  126      362
 1 25 1993  229      363
 1 25 1993  259      364
 1 25 1993  316      365
 1 25 1993  334      366
 1 25 1993  340      367
 1 25 1993  343      368
 1 25 1993  346      369
 1 25 1993  350      370
 1 25 1993  354      371
 1 25 1993  358      372
 1 25 1993  402      373
 1 25 1993  408      374
 1 25 1993  416      375
 1 25 1993  427      376
 1 25 1993  439      377
 1 25 1993  456      378
 1 25 1993  545      379
 1 25 1993  614      380
 1 25 1993  702      381
 1 25 1993  747      382
 1 25 1993  757      383
 1 25 1993  803      384
 1 25 1993  808      385
 1 25 1993  818      386
 1 25 1993  830      387
 1 25 1993  835      388
 1 25 1993  843      389
 1 25 1993  924      390
 1 25 1993  939      391
 1 25 1993  950      392
 1 25 1993 1000      393
 1 25 1993 1011      394
 1 25 1993 1022      395
 1 25 1993 1037      396
 1 25 1993 1048      397
 1 25 1993 1101      398
 1 25 1993 1113      399
 1 25 1993 1124      400
 1 25 1993 1133      401
 1 25 1993 1151      402
 1 25 1993 1207      403
 1 25 1993 1222      404
 1 25 1993 1235      405
 1 25 1993 1249      406
 1 25 1993 1301      407
 1 25 1993 1317      408
 1 25 1993 1332      409
 1 25 1993 1348      410
 1 25 1993 1400      411
 1 25 1993 1419      412
 1 25 1993 1452      413
 1 25 1993 1507      414
 1 25 1993 1614      415
 1 25 1993 1718      416
 1 25 1993 1744      417
 1 25 1993 1802      418
 1 25 1993 1834      419
 1 25 1993 1851      420
 1 25 1993 1910      421
 1 25 1993 1921      422
 1 25 1993 1930      423
 1 25 1993 1941      424
 1 25 1993 1951      425
 1 25 1993 2000      426
 1 25 1993 2005      427
 1 25 1993 2011      428
 1 25 1993 2020      429
 1 25 1993 2035      430
 1 25 1993 2044      431
 1 25 1993 2055      432
 1 25 1993 2105      433
 1 25 1993 2119      434
 1 25 1993 2200      435
 1 25 1993 2222      436
 1 25 1993 2241      437
 1 25 1993 2304      438
 1 25 1993 2346      439
 1 26 1993    6      440
 1 26 1993   41      441
 1 26 1993  104      442
 1 26 1993  126      443
 1 26 1993  143      444
 1 26 1993  339      445
 1 28 1993  130      446
 1 28 1993  212      447
 1 28 1993  452      448
 1 28 1993  728      449
 1 28 1993  747      450
 1 28 1993  827      451
 1 28 1993  845      452
 1 28 1993  851      453
 1 28 1993  915      454
 1 28 1993  927      455
 1 28 1993 1027      456
 1 28 1993 1131      457
 1 28 1993 1455      458
 1 28 1993 1522      459
 1 29 1993  704      460
 1 31 1993 1006      461
