"SDE10395.DAT"
"DP-101  : Tipping bucket rain gage recorder"
"Processed file"
"File creation date   : 1995/04/12 at 11:02:45"
"By                   : KIRK"
"Start date           : 03-08-95-09:45"
"Interval             : N/A"
"Preset factor        : 01"
"Calibration factors: sensor 1 : 1  sensor 2 : 1"
"Location : "
"Note : "

"MT" "DY" "YR" "HHMM" "TOTAL   "

 3  8 1995  948        1
 3  8 1995 1212        2
 3  8 1995 1221        3
 3  8 1995 1231        4
 3  8 1995 1322        5
 3  8 1995 1331        6
 3  8 1995 1342        7
 3  8 1995 1358        8
 3  8 1995 1413        9
 3  8 1995 1425       10
 3  8 1995 1444       11
 3  8 1995 1452       12
 3  8 1995 1500       13
 3  8 1995 1505       14
 3  8 1995 1509       15
 3  8 1995 1515       16
 3  8 1995 1520       17
 3  8 1995 1527       18
 3  8 1995 1535       19
 3  8 1995 1542       20
 3  8 1995 1550       21
 3  8 1995 1558       22
 3  8 1995 1607       23
 3  8 1995 1620       24
 3  8 1995 1629       25
 3  8 1995 1639       26
 3  8 1995 1658       27
 3  8 1995 1716       28
 3  8 1995 1730       29
 3  8 1995 1742       30
 3  8 1995 1756       31
 3  8 1995 1817       32
 3  8 1995 1902       33
 3  8 1995 2220       34
 3  8 1995 2227       35
 3  8 1995 2244       36
 3  8 1995 2324       37
 3  8 1995 2342       38
 3  8 1995 2352       39
 3  9 1995    1       40
 3  9 1995    9       41
 3  9 1995   15       42
 3  9 1995   22       43
 3  9 1995   28       44
 3  9 1995   34       45
 3  9 1995   40       46
 3  9 1995   46       47
 3  9 1995   53       48
 3  9 1995  101       49
 3  9 1995  111       50
 3  9 1995  125       51
 3  9 1995  142       52
 3  9 1995  152       53
 3  9 1995  154       54
 3  9 1995  158       55
 3  9 1995  204       56
 3  9 1995  215       57
 3  9 1995  226       58
 3  9 1995  235       59
 3  9 1995  245       60
 3  9 1995  304       61
 3  9 1995  318       62
 3  9 1995  328       63
 3  9 1995  338       64
 3  9 1995  346       65
 3  9 1995  400       66
 3  9 1995  412       67
 3  9 1995  421       68
 3  9 1995  427       69
 3  9 1995  433       70
 3  9 1995  439       71
 3  9 1995  447       72
 3  9 1995  454       73
 3  9 1995  457       74
 3  9 1995  502       75
 3  9 1995  510       76
 3  9 1995  514       77
 3  9 1995  517       78
 3  9 1995  520       79
 3  9 1995  526       80
 3  9 1995  618       81
 3  9 1995  643       82
 3  9 1995  659       83
 3  9 1995  719       84
 3  9 1995  728       85
 3  9 1995  751       86
 3  9 1995  807       87
 3  9 1995  826       88
 3  9 1995  832       89
 3  9 1995  935       90
 3  9 1995 1012       91
 3  9 1995 1342       92
 3  9 1995 1406       93
 3  9 1995 1502       94
 3  9 1995 1503       95
 3  9 1995 1504       96
 3  9 1995 1504       97
 3  9 1995 1504       98
 3  9 1995 1505       99
 3  9 1995 1506      100
 3  9 1995 1514      101
 3  9 1995 1601      102
 3  9 1995 1816      103
 3  9 1995 1824      104
 3  9 1995 1841      105
 3  9 1995 1909      106
 3  9 1995 1915      107
 3  9 1995 1928      108
 3  9 1995 1959      109
 3  9 1995 2009      110
 3  9 1995 2022      111
 3  9 1995 2028      112
 3  9 1995 2031      113
 3  9 1995 2037      114
 3  9 1995 2041      115
 3  9 1995 2044      116
 3  9 1995 2046      117
 3  9 1995 2047      118
 3  9 1995 2049      119
 3  9 1995 2051      120
 3  9 1995 2052      121
 3  9 1995 2053      122
 3  9 1995 2055      123
 3  9 1995 2058      124
 3  9 1995 2102      125
 3  9 1995 2106      126
 3  9 1995 2109      127
 3  9 1995 2113      128
 3  9 1995 2118      129
 3  9 1995 2123      130
 3  9 1995 2128      131
 3  9 1995 2133      132
 3  9 1995 2137      133
 3  9 1995 2144      134
 3  9 1995 2152      135
 3  9 1995 2201      136
 3  9 1995 2206      137
 3  9 1995 2210      138
 3  9 1995 2214      139
 3  9 1995 2219      140
 3  9 1995 2222      141
 3  9 1995 2229      142
 3  9 1995 2240      143
 3  9 1995 2324      144
 3  9 1995 2335      145
 3  9 1995 2337      146
 3  9 1995 2339      147
 3  9 1995 2341      148
 3  9 1995 2343      149
 3  9 1995 2346      150
 3  9 1995 2349      151
 3 10 1995    0      152
 3 10 1995    2      153
 3 10 1995    8      154
 3 10 1995   14      155
 3 10 1995   31      156
 3 10 1995  206      157
 3 10 1995  218      158
 3 10 1995  230      159
 3 10 1995  245      160
 3 10 1995  256      161
 3 10 1995  302      162
 3 10 1995  306      163
 3 10 1995  310      164
 3 10 1995  314      165
 3 10 1995  319      166
 3 10 1995  322      167
 3 10 1995  324      168
 3 10 1995  333      169
 3 10 1995  358      170
 3 10 1995  415      171
 3 10 1995  444      172
 3 10 1995  516      173
 3 10 1995  536      174
 3 10 1995  548      175
 3 10 1995  554      176
 3 10 1995  600      177
 3 10 1995  609      178
 3 10 1995  621      179
 3 10 1995  632      180
 3 10 1995  646      181
 3 10 1995 1004      182
 3 10 1995 1106      183
 3 10 1995 1412      184
 3 10 1995 1528      185
 3 10 1995 1545      186
 3 10 1995 1554      187
 3 10 1995 1604      188
 3 10 1995 1618      189
 3 10 1995 1629      190
 3 10 1995 1650      191
 3 10 1995 1725      192
 3 10 1995 1748      193
 3 10 1995 1756      194
 3 10 1995 1802      195
 3 10 1995 1809      196
 3 10 1995 1815      197
 3 10 1995 1825      198
 3 10 1995 1833      199
 3 10 1995 1841      200
 3 10 1995 1901      201
 3 10 1995 1943      202
 3 10 1995 1948      203
 3 10 1995 1951      204
 3 10 1995 1955      205
 3 10 1995 1958      206
 3 10 1995 2001      207
 3 10 1995 2004      208
 3 10 1995 2008      209
 3 10 1995 2014      210
 3 10 1995 2019      211
 3 10 1995 2026      212
 3 10 1995 2041      213
 3 10 1995 2110      214
 3 10 1995 2126      215
 3 10 1995 2210      216
 3 10 1995 2340      217
 3 10 1995 2346      218
 3 10 1995 2350      219
 3 11 1995  111      220
 3 11 1995  124      221
 3 11 1995  137      222
 3 11 1995  143      223
 3 11 1995  326      224
 3 11 1995  355      225
 3 11 1995  410      226
 3 11 1995  613      227
 3 11 1995  813      228
 3 11 1995  825      229
 3 11 1995  930      230
 3 11 1995  939      231
 3 11 1995  945      232
 3 11 1995  951      233
 3 11 1995  959      234
 3 11 1995 1340      235
 3 11 1995 1406      236
 3 11 1995 1411      237
 3 11 1995 1417      238
 3 11 1995 1425      239
 3 11 1995 1436      240
 3 11 1995 1439      241
 3 11 1995 1442      242
 3 11 1995 1457      243
 3 11 1995 1513      244
 3 11 1995 1520      245
 3 11 1995 1538      246
 3 11 1995 1612      247
 3 11 1995 1618      248
 3 11 1995 1700      249
 3 11 1995 1814      250
 3 11 1995 1814      251
 3 11 1995 1820      252
 3 11 1995 1831      253
 3 11 1995 1855      254
 3 11 1995 1910      255
 3 11 1995 2006      256
 3 11 1995 2011      257
 3 11 1995 2015      258
 3 11 1995 2019      259
 3 11 1995 2024      260
 3 11 1995 2047      261
 3 12 1995  207      262
 3 12 1995  223      263
 3 12 1995  529      264
 3 12 1995  725      265
 3 12 1995  731      266
 3 12 1995  738      267
 3 12 1995  751      268
 3 12 1995  809      269
 3 12 1995 2210      270
 3 12 1995 2234      271
 3 12 1995 2244      272
 3 12 1995 2315      273
 3 12 1995 2330      274
 3 13 1995    8      275
 3 13 1995   30      276
 3 13 1995   50      277
 3 13 1995  125      278
 3 13 1995  137      279
 3 13 1995  148      280
 3 13 1995  155      281
 3 13 1995  158      282
 3 13 1995  210      283
 3 13 1995  230      284
 3 13 1995  235      285
 3 13 1995  240      286
 3 13 1995  247      287
 3 13 1995  253      288
 3 13 1995  302      289
 3 13 1995  319      290
 3 13 1995  339      291
 3 13 1995  417      292
 3 13 1995  528      293
 3 13 1995  553      294
 3 13 1995  617      295
 3 13 1995  649      296
 3 13 1995  738      297
 3 13 1995  910      298
 3 13 1995  916      299
 3 13 1995  923      300
 3 13 1995  930      301
 3 13 1995  937      302
 3 13 1995  941      303
 3 13 1995 1033      304
 3 13 1995 1046      305
 3 13 1995 1049      306
 3 13 1995 1052      307
 3 13 1995 1239      308
 3 13 1995 1541      309
 3 13 1995 2007      310
 3 13 1995 2009      311
 3 13 1995 2036      312
 3 13 1995 2042      313
 3 13 1995 2107      314
 3 14 1995  342      315
 3 14 1995  402      316
 3 14 1995  410      317
 3 14 1995  414      318
 3 14 1995  418      319
 3 14 1995  424      320
 3 14 1995  429      321
 3 14 1995  435      322
 3 14 1995  441      323
 3 14 1995  445      324
 3 14 1995  450      325
 3 14 1995  456      326
 3 14 1995  502      327
 3 14 1995  506      328
 3 14 1995  510      329
 3 14 1995  514      330
 3 14 1995  519      331
 3 14 1995  530      332
 3 14 1995  545      333
 3 14 1995  555      334
 3 14 1995  559      335
 3 14 1995  602      336
 3 14 1995  609      337
 3 14 1995  619      338
 3 14 1995  628      339
 3 14 1995  632      340
 3 14 1995  636      341
 3 14 1995  640      342
 3 14 1995  644      343
 3 14 1995  652      344
 3 14 1995  657      345
 3 14 1995  700      346
 3 14 1995  704      347
 3 14 1995  711      348
 3 14 1995  721      349
 3 14 1995  728      350
 3 14 1995  736      351
 3 14 1995  743      352
 3 14 1995  752      353
 3 14 1995  805      354
 3 14 1995  822      355
 3 14 1995 1013      356
 3 14 1995 1016      357
 3 14 1995 1017      358
 3 14 1995 1018      359
 3 14 1995 1020      360
 3 14 1995 1021      361
 3 14 1995 1021      362
 3 14 1995 1056      363
 3 14 1995 1133      364
 3 14 1995 1443      365
 3 14 1995 2300      366
 3 15 1995  104      367
 3 15 1995  110      368
 3 15 1995  130      369
 3 15 1995  203      370
 3 15 1995  207      371
 3 15 1995  211      372
 3 15 1995  215      373
 3 15 1995  221      374
 3 15 1995  321      375
 3 15 1995  325      376
 3 15 1995  328      377
 3 15 1995  334      378
 3 15 1995  429      379
 3 15 1995  603      380
 3 15 1995  620      381
 3 15 1995 1151      382
 3 15 1995 1255      383
 3 17 1995 1915      384
 3 17 1995 1933      385
 3 17 1995 1940      386
 3 17 1995 1946      387
 3 17 1995 1953      388
 3 17 1995 2025      389
 3 17 1995 2044      390
 3 17 1995 2103      391
 3 17 1995 2132      392
 3 17 1995 2145      393
 3 17 1995 2150      394
 3 17 1995 2154      395
 3 17 1995 2158      396
 3 17 1995 2202      397
 3 17 1995 2206      398
 3 17 1995 2209      399
 3 17 1995 2212      400
 3 17 1995 2215      401
 3 17 1995 2218      402
 3 17 1995 2221      403
 3 17 1995 2224      404
 3 17 1995 2230      405
 3 17 1995 2236      406
 3 17 1995 2246      407
 3 17 1995 2254      408
 3 17 1995 2307      409
 3 18 1995  103      410
 3 18 1995  142      411
 3 18 1995  225      412
 3 18 1995  306      413
 3 18 1995  718      414
 3 18 1995  725      415
 3 18 1995  729      416
 3 18 1995  732      417
 3 18 1995  735      418
 3 18 1995  736      419
 3 18 1995  739      420
 3 18 1995  741      421
 3 18 1995  743      422
 3 18 1995  746      423
 3 18 1995  756      424
 3 18 1995  801      425
 3 18 1995  806      426
 3 18 1995  808      427
 3 18 1995  810      428
 3 18 1995  812      429
 3 18 1995  813      430
 3 18 1995  816      431
 3 18 1995  817      432
 3 18 1995  819      433
 3 18 1995  821      434
 3 18 1995  822      435
 3 18 1995  823      436
 3 18 1995  825      437
 3 18 1995  826      438
 3 18 1995  827      439
 3 18 1995  829      440
 3 18 1995  830      441
 3 18 1995  832      442
 3 18 1995  837      443
 3 18 1995  857      444
 3 18 1995 1224      445
 3 18 1995 1226      446
 3 18 1995 1227      447
 3 18 1995 1227      448
 3 18 1995 1228      449
 3 18 1995 1228      450
 3 18 1995 1229      451
 3 18 1995 1233      452
 3 18 1995 1242      453
 3 18 1995 1247      454
 3 18 1995 1251      455
 3 18 1995 1254      456
 3 18 1995 1256      457
 3 18 1995 1301      458
 3 18 1995 1306      459
 3 18 1995 1313      460
 3 18 1995 1501      461
 3 18 1995 1648      462
 3 18 1995 1701      463
 3 18 1995 1847      464
 3 18 1995 2053      465
 3 19 1995   33      466
 3 19 1995  144      467
 3 19 1995  223      468
 3 19 1995  345      469
 3 19 1995  525      470
 3 19 1995 1952      471
 3 19 1995 2000      472
 3 19 1995 2006      473
 3 19 1995 2013      474
 3 19 1995 2021      475
 3 19 1995 2030      476
 3 19 1995 2041      477
 3 19 1995 2051      478
 3 19 1995 2104      479
 3 19 1995 2116      480
 3 19 1995 2122      481
 3 19 1995 2129      482
 3 19 1995 2135      483
 3 19 1995 2141      484
 3 19 1995 2147      485
 3 19 1995 2152      486
 3 19 1995 2157      487
 3 19 1995 2204      488
 3 19 1995 2210      489
 3 19 1995 2216      490
 3 19 1995 2224      491
 3 19 1995 2235      492
 3 19 1995 2245      493
 3 19 1995 2253      494
 3 19 1995 2300      495
 3 19 1995 2307      496
 3 19 1995 2315      497
 3 19 1995 2323      498
 3 19 1995 2332      499
 3 19 1995 2341      500
 3 19 1995 2351      501
 3 20 1995    0      502
 3 20 1995    7      503
 3 20 1995   13      504
 3 20 1995   19      505
 3 20 1995   25      506
 3 20 1995   31      507
 3 20 1995   37      508
 3 20 1995   45      509
 3 20 1995   52      510
 3 20 1995  100      511
 3 20 1995  110      512
 3 20 1995  121      513
 3 20 1995  132      514
 3 20 1995  143      515
 3 20 1995  158      516
 3 20 1995  208      517
 3 20 1995  218      518
 3 20 1995  224      519
 3 20 1995  230      520
 3 20 1995  235      521
 3 20 1995  240      522
 3 20 1995  247      523
 3 20 1995  251      524
 3 20 1995  253      525
 3 20 1995  257      526
 3 20 1995  302      527
 3 20 1995  305      528
 3 20 1995  307      529
 3 20 1995  310      530
 3 20 1995  314      531
 3 20 1995  316      532
 3 20 1995  318      533
 3 20 1995  322      534
 3 20 1995  332      535
 3 20 1995  344      536
 3 20 1995  348      537
 3 20 1995  350      538
 3 20 1995  351      539
 3 20 1995  352      540
 3 20 1995  353      541
 3 20 1995  354      542
 3 20 1995  356      543
 3 20 1995  359      544
 3 20 1995  403      545
 3 20 1995  406      546
 3 20 1995  409      547
 3 20 1995  412      548
 3 20 1995  420      549
 3 20 1995 1041      550
 3 20 1995 1051      551
 3 20 1995 1103      552
 3 20 1995 1110      553
 3 20 1995 1116      554
 3 20 1995 1120      555
 3 20 1995 1123      556
 3 20 1995 1142      557
 3 20 1995 1145      558
 3 20 1995 1147      559
 3 20 1995 1249      560
 3 20 1995 1747      561
 3 20 1995 1755      562
 3 20 1995 1919      563
 3 20 1995 1926      564
 3 20 1995 1935      565
 3 20 1995 2010      566
 3 20 1995 2126      567
 3 20 1995 2327      568
 3 21 1995  104      569
 3 21 1995  333      570
 3 21 1995  354      571
 3 21 1995  421      572
 3 21 1995  505      573
 3 21 1995  514      574
 3 21 1995  939      575
 3 21 1995  946      576
 3 21 1995  958      577
 3 21 1995 1017      578
 3 21 1995 1038      579
 3 21 1995 1431      580
 3 21 1995 1432      581
 3 21 1995 1433      582
 3 21 1995 1434      583
 3 21 1995 1435      584
 3 21 1995 1439      585
 3 21 1995 1448      586
 3 21 1995 1452      587
 3 21 1995 1454      588
 3 21 1995 1456      589
 3 21 1995 1459      590
 3 21 1995 1501      591
 3 21 1995 1503      592
 3 21 1995 1505      593
 3 21 1995 1508      594
 3 21 1995 1510      595
 3 21 1995 1513      596
 3 21 1995 1520      597
 3 21 1995 1524      598
 3 21 1995 1529      599
 3 21 1995 1531      600
 3 21 1995 1535      601
 3 21 1995 1537      602
 3 21 1995 1539      603
 3 21 1995 1541      604
 3 21 1995 1544      605
 3 21 1995 1547      606
 3 21 1995 1554      607
 3 21 1995 1605      608
 3 21 1995 1615      609
 3 21 1995 1620      610
 3 21 1995 1625      611
 3 21 1995 1629      612
 3 22 1995  708      613
 3 22 1995  818      614
 3 23 1995  111      615
 3 23 1995  123      616
 3 23 1995  131      617
 3 23 1995  138      618
 3 23 1995  145      619
 3 23 1995  155      620
 3 23 1995  213      621
 3 23 1995  230      622
 3 23 1995  325      623
 3 23 1995  429      624
 3 31 1995 1658      625
 3 31 1995 1842      626
 3 31 1995 1915      627
 3 31 1995 1928      628
 3 31 1995 1941      629
 3 31 1995 2032      630
 4  1 1995  155      631
 4  1 1995  204      632
 4  1 1995  628      633
 4  1 1995 1245      634
 4  4 1995  337      635
 4  4 1995  340      636
 4  4 1995  343      637
 4  4 1995  346      638
 4  4 1995  349      639
 4  4 1995  354      640
 4  4 1995  400      641
 4  4 1995  405      642
 4  4 1995  411      643
 4  4 1995  415      644
 4  4 1995  418      645
 4  4 1995  421      646
 4  4 1995  428      647
 4  4 1995  436      648
 4  4 1995  451      649
 4  4 1995  509      650
 4  4 1995  522      651
 4  4 1995  643      652
 4  4 1995  703      653
 4  4 1995  708      654
 4  4 1995  712      655
 4  4 1995  720      656
 4  4 1995  815      657
 4  6 1995  703      658
 4  6 1995  731      659
 4  6 1995  749      660
 4  6 1995  824      661
 4  6 1995  915      662
