"pde10296.dat"
"DP-101  : Tipping bucket rain gage recorder"
"Processed file"
"File creation date   : 1996/03/11 at 09:18:13"
"By                   : Thomas     "
"Start date           : 02-05-96-08:56"
"Interval             : N/A"
"Preset factor        : 01"
"Calibration factors: sensor 1 : 1  sensor 2 : 1"
"Location : Yelm Highway"
"Note : February storm"

"MT" "DY" "YR" "HHMM" "TOTAL   "

 2  5 1996  936        1
 2  5 1996  958        2
 2  5 1996 1017        3
 2  5 1996 1025        4
 2  5 1996 1029        5
 2  5 1996 1031        6
 2  5 1996 1034        7
 2  5 1996 1037        8
 2  5 1996 1039        9
 2  5 1996 1043       10
 2  5 1996 1045       11
 2  5 1996 1048       12
 2  5 1996 1053       13
 2  5 1996 1056       14
 2  5 1996 1101       15
 2  5 1996 1157       16
 2  5 1996 1216       17
 2  5 1996 1240       18
 2  5 1996 1252       19
 2  5 1996 1255       20
 2  5 1996 1301       21
 2  5 1996 1306       22
 2  5 1996 1308       23
 2  5 1996 1310       24
 2  5 1996 1313       25
 2  5 1996 1315       26
 2  5 1996 1319       27
 2  5 1996 1322       28
 2  5 1996 1326       29
 2  5 1996 1328       30
 2  5 1996 1337       31
 2  5 1996 1340       32
 2  5 1996 1342       33
 2  5 1996 1344       34
 2  5 1996 1348       35
 2  5 1996 1353       36
 2  5 1996 1355       37
 2  5 1996 1400       38
 2  5 1996 1402       39
 2  5 1996 1406       40
 2  5 1996 1410       41
 2  5 1996 1413       42
 2  5 1996 1416       43
 2  5 1996 1419       44
 2  5 1996 1426       45
 2  5 1996 1438       46
 2  5 1996 1445       47
 2  5 1996 1449       48
 2  5 1996 1502       49
 2  5 1996 1509       50
 2  5 1996 1517       51
 2  5 1996 1520       52
 2  5 1996 1523       53
 2  5 1996 1526       54
 2  5 1996 1528       55
 2  5 1996 1532       56
 2  5 1996 1536       57
 2  5 1996 1542       58
 2  5 1996 1549       59
 2  5 1996 1554       60
 2  5 1996 1558       61
 2  5 1996 1603       62
 2  5 1996 1609       63
 2  5 1996 1613       64
 2  5 1996 1616       65
 2  5 1996 1618       66
 2  5 1996 1621       67
 2  5 1996 1624       68
 2  5 1996 1627       69
 2  5 1996 1629       70
 2  5 1996 1632       71
 2  5 1996 1635       72
 2  5 1996 1637       73
 2  5 1996 1640       74
 2  5 1996 1644       75
 2  5 1996 1648       76
 2  5 1996 1651       77
 2  5 1996 1654       78
 2  5 1996 1658       79
 2  5 1996 1701       80
 2  5 1996 1704       81
 2  5 1996 1707       82
 2  5 1996 1710       83
 2  5 1996 1714       84
 2  5 1996 1718       85
 2  5 1996 1721       86
 2  5 1996 1731       87
 2  5 1996 2057       88
 2  5 1996 2101       89
 2  5 1996 2104       90
 2  5 1996 2113       91
 2  5 1996 2114       92
 2  5 1996 2115       93
 2  5 1996 2119       94
 2  5 1996 2121       95
 2  5 1996 2121       96
 2  5 1996 2122       97
 2  5 1996 2122       98
 2  5 1996 2123       99
 2  5 1996 2125      100
 2  5 1996 2127      101
 2  5 1996 2129      102
 2  5 1996 2130      103
 2  5 1996 2131      104
 2  5 1996 2143      105
 2  5 1996 2225      106
 2  5 1996 2246      107
 2  5 1996 2254      108
 2  5 1996 2256      109
 2  6 1996  445      110
 2  6 1996  456      111
 2  6 1996  501      112
 2  6 1996  507      113
 2  6 1996  510      114
 2  6 1996  516      115
 2  6 1996  523      116
 2  6 1996  531      117
 2  6 1996  542      118
 2  6 1996  552      119
 2  6 1996  559      120
 2  6 1996  607      121
 2  6 1996  612      122
 2  6 1996  619      123
 2  6 1996  626      124
 2  6 1996  633      125
 2  6 1996  641      126
 2  6 1996  647      127
 2  6 1996  653      128
 2  6 1996  708      129
 2  6 1996  722      130
 2  6 1996  728      131
 2  6 1996  733      132
 2  6 1996  742      133
 2  6 1996  749      134
 2  6 1996  754      135
 2  6 1996  803      136
 2  6 1996  814      137
 2  6 1996  816      138
 2  6 1996  819      139
 2  6 1996  822      140
 2  6 1996  826      141
 2  6 1996  830      142
 2  6 1996  834      143
 2  6 1996  838      144
 2  6 1996  841      145
 2  6 1996  845      146
 2  6 1996  849      147
 2  6 1996  852      148
 2  6 1996  856      149
 2  6 1996  900      150
 2  6 1996  903      151
 2  6 1996  906      152
 2  6 1996  909      153
 2  6 1996  913      154
 2  6 1996  917      155
 2  6 1996  921      156
 2  6 1996  924      157
 2  6 1996  928      158
 2  6 1996  932      159
 2  6 1996  936      160
 2  6 1996  942      161
 2  6 1996  948      162
 2  6 1996  958      163
 2  6 1996 1004      164
 2  6 1996 1011      165
 2  6 1996 1023      166
 2  6 1996 1027      167
 2  6 1996 1029      168
 2  6 1996 1031      169
 2  6 1996 1035      170
 2  6 1996 1040      171
 2  6 1996 1042      172
 2  6 1996 1044      173
 2  6 1996 1047      174
 2  6 1996 1050      175
 2  6 1996 1054      176
 2  6 1996 1058      177
 2  6 1996 1101      178
 2  6 1996 1105      179
 2  6 1996 1109      180
 2  6 1996 1112      181
 2  6 1996 1115      182
 2  6 1996 1117      183
 2  6 1996 1120      184
 2  6 1996 1122      185
 2  6 1996 1124      186
 2  6 1996 1126      187
 2  6 1996 1128      188
 2  6 1996 1130      189
 2  6 1996 1132      190
 2  6 1996 1134      191
 2  6 1996 1136      192
 2  6 1996 1138      193
 2  6 1996 1141      194
 2  6 1996 1143      195
 2  6 1996 1146      196
 2  6 1996 1149      197
 2  6 1996 1152      198
 2  6 1996 1155      199
 2  6 1996 1158      200
 2  6 1996 1201      201
 2  6 1996 1206      202
 2  6 1996 1210      203
 2  6 1996 1215      204
 2  6 1996 1220      205
 2  6 1996 1223      206
 2  6 1996 1227      207
 2  6 1996 1231      208
 2  6 1996 1234      209
 2  6 1996 1238      210
 2  6 1996 1242      211
 2  6 1996 1247      212
 2  6 1996 1250      213
 2  6 1996 1254      214
 2  6 1996 1258      215
 2  6 1996 1302      216
 2  6 1996 1306      217
 2  6 1996 1310      218
 2  6 1996 1315      219
 2  6 1996 1319      220
 2  6 1996 1323      221
 2  6 1996 1328      222
 2  6 1996 1332      223
 2  6 1996 1340      224
 2  6 1996 1344      225
 2  6 1996 1346      226
 2  6 1996 1348      227
 2  6 1996 1353      228
 2  6 1996 1401      229
 2  6 1996 1411      230
 2  6 1996 1428      231
 2  6 1996 1432      232
 2  6 1996 1436      233
 2  6 1996 1440      234
 2  6 1996 1443      235
 2  6 1996 1447      236
 2  6 1996 1451      237
 2  6 1996 1453      238
 2  6 1996 1458      239
 2  6 1996 1500      240
 2  6 1996 1507      241
 2  6 1996 1510      242
 2  6 1996 1513      243
 2  6 1996 1515      244
 2  6 1996 1522      245
 2  6 1996 1527      246
 2  6 1996 1529      247
 2  6 1996 1532      248
 2  6 1996 1534      249
 2  6 1996 1537      250
 2  6 1996 1542      251
 2  6 1996 1549      252
 2  6 1996 1554      253
 2  6 1996 1556      254
 2  6 1996 1600      255
 2  6 1996 1603      256
 2  6 1996 1605      257
 2  6 1996 1609      258
 2  6 1996 1611      259
 2  6 1996 1614      260
 2  6 1996 1619      261
 2  6 1996 1621      262
 2  6 1996 1623      263
 2  6 1996 1624      264
 2  6 1996 1627      265
 2  6 1996 1630      266
 2  6 1996 1632      267
 2  6 1996 1636      268
 2  6 1996 1638      269
 2  6 1996 1641      270
 2  6 1996 1644      271
 2  6 1996 1648      272
 2  6 1996 1651      273
 2  6 1996 1657      274
 2  6 1996 1704      275
 2  6 1996 1708      276
 2  6 1996 1710      277
 2  6 1996 1714      278
 2  6 1996 1717      279
 2  6 1996 1720      280
 2  6 1996 1722      281
 2  6 1996 1726      282
 2  6 1996 1728      283
 2  6 1996 1730      284
 2  6 1996 1732      285
 2  6 1996 1735      286
 2  6 1996 1739      287
 2  6 1996 1743      288
 2  6 1996 1757      289
 2  6 1996 1837      290
 2  6 1996 1846      291
 2  6 1996 1855      292
 2  6 1996 1903      293
 2  6 1996 1946      294
 2  6 1996 2024      295
 2  6 1996 2031      296
 2  6 1996 2042      297
 2  6 1996 2157      298
 2  6 1996 2207      299
 2  6 1996 2223      300
 2  6 1996 2226      301
 2  6 1996 2232      302
 2  6 1996 2241      303
 2  6 1996 2255      304
 2  6 1996 2258      305
 2  6 1996 2306      306
 2  6 1996 2311      307
 2  6 1996 2317      308
 2  6 1996 2330      309
 2  6 1996 2344      310
 2  7 1996    4      311
 2  7 1996   13      312
 2  7 1996   31      313
 2  7 1996   34      314
 2  7 1996   36      315
 2  7 1996   41      316
 2  7 1996   55      317
 2  7 1996  104      318
 2  7 1996  114      319
 2  7 1996  130      320
 2  7 1996  134      321
 2  7 1996  138      322
 2  7 1996  140      323
 2  7 1996  142      324
 2  7 1996  202      325
 2  7 1996  214      326
 2  7 1996  220      327
 2  7 1996  226      328
 2  7 1996  230      329
 2  7 1996  236      330
 2  7 1996  259      331
 2  7 1996  314      332
 2  7 1996  332      333
 2  7 1996  345      334
 2  7 1996  410      335
 2  7 1996  507      336
 2  7 1996  849      337
 2  7 1996  958      338
 2  7 1996 1012      339
 2  7 1996 1020      340
 2  7 1996 1023      341
 2  7 1996 1027      342
 2  7 1996 1031      343
 2  7 1996 1036      344
 2  7 1996 1039      345
 2  7 1996 1043      346
 2  7 1996 1047      347
 2  7 1996 1051      348
 2  7 1996 1056      349
 2  7 1996 1058      350
 2  7 1996 1102      351
 2  7 1996 1107      352
 2  7 1996 1113      353
 2  7 1996 1117      354
 2  7 1996 1122      355
 2  7 1996 1128      356
 2  7 1996 1135      357
 2  7 1996 1142      358
 2  7 1996 1152      359
 2  7 1996 1158      360
 2  7 1996 1208      361
 2  7 1996 1217      362
 2  7 1996 1223      363
 2  7 1996 1226      364
 2  7 1996 1232      365
 2  7 1996 1238      366
 2  7 1996 1241      367
 2  7 1996 1245      368
 2  7 1996 1250      369
 2  7 1996 1255      370
 2  7 1996 1258      371
 2  7 1996 1302      372
 2  7 1996 1304      373
 2  7 1996 1307      374
 2  7 1996 1311      375
 2  7 1996 1314      376
 2  7 1996 1318      377
 2  7 1996 1322      378
 2  7 1996 1326      379
 2  7 1996 1330      380
 2  7 1996 1333      381
 2  7 1996 1338      382
 2  7 1996 1343      383
 2  7 1996 1347      384
 2  7 1996 1350      385
 2  7 1996 1353      386
 2  7 1996 1358      387
 2  7 1996 1403      388
 2  7 1996 1406      389
 2  7 1996 1409      390
 2  7 1996 1412      391
 2  7 1996 1415      392
 2  7 1996 1419      393
 2  7 1996 1422      394
 2  7 1996 1425      395
 2  7 1996 1428      396
 2  7 1996 1431      397
 2  7 1996 1435      398
 2  7 1996 1438      399
 2  7 1996 1441      400
 2  7 1996 1443      401
 2  7 1996 1445      402
 2  7 1996 1449      403
 2  7 1996 1453      404
 2  7 1996 1457      405
 2  7 1996 1501      406
 2  7 1996 1505      407
 2  7 1996 1508      408
 2  7 1996 1511      409
 2  7 1996 1516      410
 2  7 1996 1523      411
 2  7 1996 1529      412
 2  7 1996 1535      413
 2  7 1996 1543      414
 2  7 1996 1553      415
 2  7 1996 1558      416
 2  7 1996 1605      417
 2  7 1996 1611      418
 2  7 1996 1617      419
 2  7 1996 1623      420
 2  7 1996 1628      421
 2  7 1996 1632      422
 2  7 1996 1636      423
 2  7 1996 1639      424
 2  7 1996 1643      425
 2  7 1996 1647      426
 2  7 1996 1651      427
 2  7 1996 1657      428
 2  7 1996 1701      429
 2  7 1996 1705      430
 2  7 1996 1710      431
 2  7 1996 1714      432
 2  7 1996 1719      433
 2  7 1996 1723      434
 2  7 1996 1727      435
 2  7 1996 1732      436
 2  7 1996 1740      437
 2  7 1996 1747      438
 2  7 1996 1754      439
 2  7 1996 1758      440
 2  7 1996 1803      441
 2  7 1996 1806      442
 2  7 1996 1808      443
 2  7 1996 1811      444
 2  7 1996 1815      445
 2  7 1996 1817      446
 2  7 1996 1822      447
 2  7 1996 1826      448
 2  7 1996 1831      449
 2  7 1996 1835      450
 2  7 1996 1838      451
 2  7 1996 1842      452
 2  7 1996 1846      453
 2  7 1996 1849      454
 2  7 1996 1852      455
 2  7 1996 1855      456
 2  7 1996 1859      457
 2  7 1996 1903      458
 2  7 1996 1907      459
 2  7 1996 1911      460
 2  7 1996 1915      461
 2  7 1996 1920      462
 2  7 1996 1925      463
 2  7 1996 1929      464
 2  7 1996 1932      465
 2  7 1996 1934      466
 2  7 1996 1938      467
 2  7 1996 1942      468
 2  7 1996 1947      469
 2  7 1996 1952      470
 2  7 1996 1957      471
 2  7 1996 2001      472
 2  7 1996 2007      473
 2  7 1996 2011      474
 2  7 1996 2016      475
 2  7 1996 2019      476
 2  7 1996 2022      477
 2  7 1996 2028      478
 2  7 1996 2034      479
 2  7 1996 2041      480
 2  7 1996 2050      481
 2  7 1996 2100      482
 2  7 1996 2115      483
 2  7 1996 2118      484
 2  7 1996 2123      485
 2  7 1996 2132      486
 2  7 1996 2144      487
 2  7 1996 2152      488
 2  7 1996 2156      489
 2  7 1996 2203      490
 2  7 1996 2222      491
 2  7 1996 2234      492
 2  7 1996 2240      493
 2  7 1996 2247      494
 2  7 1996 2251      495
 2  7 1996 2254      496
 2  7 1996 2258      497
 2  7 1996 2302      498
 2  7 1996 2306      499
 2  7 1996 2309      500
 2  7 1996 2314      501
 2  7 1996 2328      502
 2  7 1996 2336      503
 2  7 1996 2338      504
 2  7 1996 2341      505
 2  7 1996 2351      506
 2  7 1996 2357      507
 2  8 1996    4      508
 2  8 1996    6      509
 2  8 1996    9      510
 2  8 1996   15      511
 2  8 1996   20      512
 2  8 1996   27      513
 2  8 1996   34      514
 2  8 1996   38      515
 2  8 1996   40      516
 2  8 1996   44      517
 2  8 1996   46      518
 2  8 1996   48      519
 2  8 1996   50      520
 2  8 1996   53      521
 2  8 1996   56      522
 2  8 1996  100      523
 2  8 1996  102      524
 2  8 1996  107      525
 2  8 1996  109      526
 2  8 1996  112      527
 2  8 1996  114      528
 2  8 1996  115      529
 2  8 1996  117      530
 2  8 1996  120      531
 2  8 1996  122      532
 2  8 1996  126      533
 2  8 1996  129      534
 2  8 1996  134      535
 2  8 1996  136      536
 2  8 1996  138      537
 2  8 1996  140      538
 2  8 1996  142      539
 2  8 1996  144      540
 2  8 1996  145      541
 2  8 1996  148      542
 2  8 1996  151      543
 2  8 1996  155      544
 2  8 1996  158      545
 2  8 1996  201      546
 2  8 1996  207      547
 2  8 1996  211      548
 2  8 1996  213      549
 2  8 1996  215      550
 2  8 1996  218      551
 2  8 1996  220      552
 2  8 1996  225      553
 2  8 1996  235      554
 2  8 1996  244      555
 2  8 1996  248      556
 2  8 1996  251      557
 2  8 1996  254      558
 2  8 1996  257      559
 2  8 1996  258      560
 2  8 1996  259      561
 2  8 1996  300      562
 2  8 1996  301      563
 2  8 1996  303      564
 2  8 1996  304      565
 2  8 1996  306      566
 2  8 1996  309      567
 2  8 1996  312      568
 2  8 1996  314      569
 2  8 1996  316      570
 2  8 1996  318      571
 2  8 1996  320      572
 2  8 1996  321      573
 2  8 1996  324      574
 2  8 1996  327      575
 2  8 1996  333      576
 2  8 1996  338      577
 2  8 1996  341      578
 2  8 1996  343      579
 2  8 1996  345      580
 2  8 1996  346      581
 2  8 1996  349      582
 2  8 1996  351      583
 2  8 1996  353      584
 2  8 1996  355      585
 2  8 1996  357      586
 2  8 1996  359      587
 2  8 1996  400      588
 2  8 1996  402      589
 2  8 1996  403      590
 2  8 1996  405      591
 2  8 1996  407      592
 2  8 1996  410      593
 2  8 1996  412      594
 2  8 1996  414      595
 2  8 1996  416      596
 2  8 1996  419      597
 2  8 1996  421      598
 2  8 1996  422      599
 2  8 1996  423      600
 2  8 1996  425      601
 2  8 1996  427      602
 2  8 1996  430      603
 2  8 1996  433      604
 2  8 1996  435      605
 2  8 1996  439      606
 2  8 1996  442      607
 2  8 1996  445      608
 2  8 1996  448      609
 2  8 1996  450      610
 2  8 1996  453      611
 2  8 1996  455      612
 2  8 1996  458      613
 2  8 1996  500      614
 2  8 1996  503      615
 2  8 1996  507      616
 2  8 1996  512      617
 2  8 1996  515      618
 2  8 1996  517      619
 2  8 1996  520      620
 2  8 1996  522      621
 2  8 1996  523      622
 2  8 1996  526      623
 2  8 1996  528      624
 2  8 1996  529      625
 2  8 1996  531      626
 2  8 1996  533      627
 2  8 1996  535      628
 2  8 1996  537      629
 2  8 1996  542      630
 2  8 1996  546      631
 2  8 1996  549      632
 2  8 1996  551      633
 2  8 1996  554      634
 2  8 1996  556      635
 2  8 1996  559      636
 2  8 1996  602      637
 2  8 1996  604      638
 2  8 1996  607      639
 2  8 1996  612      640
 2  8 1996  615      641
 2  8 1996  617      642
 2  8 1996  619      643
 2  8 1996  622      644
 2  8 1996  624      645
 2  8 1996  626      646
 2  8 1996  630      647
 2  8 1996  638      648
 2  8 1996  643      649
 2  8 1996  645      650
 2  8 1996  648      651
 2  8 1996  651      652
 2  8 1996  653      653
 2  8 1996  655      654
 2  8 1996  659      655
 2  8 1996  702      656
 2  8 1996  704      657
 2  8 1996  706      658
 2  8 1996  711      659
 2  8 1996  714      660
 2  8 1996  717      661
 2  8 1996  719      662
 2  8 1996  720      663
 2  8 1996  722      664
 2  8 1996  723      665
 2  8 1996  726      666
 2  8 1996  731      667
 2  8 1996  733      668
 2  8 1996  736      669
 2  8 1996  738      670
 2  8 1996  740      671
 2  8 1996  742      672
 2  8 1996  744      673
 2  8 1996  745      674
 2  8 1996  746      675
 2  8 1996  747      676
 2  8 1996  749      677
 2  8 1996  751      678
 2  8 1996  753      679
 2  8 1996  756      680
 2  8 1996  757      681
 2  8 1996  801      682
 2  8 1996  802      683
 2  8 1996  804      684
 2  8 1996  806      685
 2  8 1996  809      686
 2  8 1996  811      687
 2  8 1996  813      688
 2  8 1996  818      689
 2  8 1996  820      690
 2  8 1996  821      691
 2  8 1996  824      692
 2  8 1996  826      693
 2  8 1996  829      694
 2  8 1996  831      695
 2  8 1996  833      696
 2  8 1996  835      697
 2  8 1996  836      698
 2  8 1996  838      699
 2  8 1996  840      700
 2  8 1996  842      701
 2  8 1996  843      702
 2  8 1996  845      703
 2  8 1996  846      704
 2  8 1996  848      705
 2  8 1996  851      706
 2  8 1996  853      707
 2  8 1996  855      708
 2  8 1996  857      709
 2  8 1996  900      710
 2  8 1996  902      711
 2  8 1996  904      712
 2  8 1996  907      713
 2  8 1996  908      714
 2  8 1996  910      715
 2  8 1996  912      716
 2  8 1996  915      717
 2  8 1996  917      718
 2  8 1996  920      719
 2  8 1996  925      720
 2  8 1996  927      721
 2  8 1996  930      722
 2  8 1996  933      723
 2  8 1996  935      724
 2  8 1996  937      725
 2  8 1996  939      726
 2  8 1996  942      727
 2  8 1996  945      728
 2  8 1996  948      729
 2  8 1996  949      730
 2  8 1996  951      731
 2  8 1996  954      732
 2  8 1996  956      733
 2  8 1996  958      734
 2  8 1996 1000      735
 2  8 1996 1002      736
 2  8 1996 1003      737
 2  8 1996 1006      738
 2  8 1996 1008      739
 2  8 1996 1010      740
 2  8 1996 1012      741
 2  8 1996 1014      742
 2  8 1996 1015      743
 2  8 1996 1018      744
 2  8 1996 1021      745
 2  8 1996 1023      746
 2  8 1996 1026      747
 2  8 1996 1028      748
 2  8 1996 1032      749
 2  8 1996 1034      750
 2  8 1996 1037      751
 2  8 1996 1040      752
 2  8 1996 1042      753
 2  8 1996 1046      754
 2  8 1996 1049      755
 2  8 1996 1052      756
 2  8 1996 1055      757
 2  8 1996 1058      758
 2  8 1996 1102      759
 2  8 1996 1105      760
 2  8 1996 1111      761
 2  8 1996 1118      762
 2  8 1996 1122      763
 2  8 1996 1126      764
 2  8 1996 1131      765
 2  8 1996 1136      766
 2  8 1996 1140      767
 2  8 1996 1144      768
 2  8 1996 1149      769
 2  8 1996 1154      770
 2  8 1996 1159      771
 2  8 1996 1204      772
 2  8 1996 1212      773
 2  8 1996 1223      774
 2  8 1996 1231      775
 2  8 1996 1239      776
 2  8 1996 1248      777
 2  8 1996 1319      778
 2  8 1996 1325      779
 2  8 1996 1329      780
 2  8 1996 1336      781
 2  8 1996 1343      782
 2  8 1996 1354      783
 2  8 1996 1403      784
 2  8 1996 1413      785
 2  8 1996 1426      786
 2  8 1996 1450      787
 2  8 1996 1532      788
 2  8 1996 1555      789
 2  8 1996 1606      790
 2  8 1996 1619      791
 2  8 1996 1642      792
 2  8 1996 1713      793
 2  8 1996 1726      794
 2  8 1996 1748      795
 2  8 1996 1816      796
 2  8 1996 2106      797
 2  8 1996 2137      798
 2 16 1996 1603      799
 2 16 1996 2131      800
 2 16 1996 2348      801
 2 17 1996    4      802
 2 17 1996   39      803
 2 17 1996  104      804
 2 17 1996  109      805
 2 17 1996  113      806
 2 17 1996  120      807
 2 17 1996  128      808
 2 17 1996  137      809
 2 17 1996  151      810
 2 17 1996  205      811
 2 17 1996  230      812
 2 17 1996  234      813
 2 17 1996  236      814
 2 17 1996  241      815
 2 17 1996  243      816
 2 17 1996  247      817
 2 17 1996  250      818
 2 17 1996  252      819
 2 17 1996  257      820
 2 17 1996  302      821
 2 17 1996  308      822
 2 17 1996  312      823
 2 17 1996  316      824
 2 17 1996  321      825
 2 17 1996  326      826
 2 17 1996  337      827
 2 17 1996  353      828
 2 17 1996  357      829
 2 17 1996  404      830
 2 17 1996  415      831
 2 17 1996  507      832
 2 17 1996  609      833
 2 17 1996  641      834
 2 17 1996  654      835
 2 17 1996  710      836
 2 17 1996  714      837
 2 17 1996  721      838
 2 17 1996  900      839
 2 17 1996  927      840
 2 17 1996 1206      841
 2 17 1996 1226      842
 2 17 1996 1234      843
 2 17 1996 1240      844
 2 17 1996 1247      845
 2 17 1996 1257      846
 2 17 1996 1301      847
 2 17 1996 1313      848
 2 17 1996 1344      849
 2 17 1996 1347      850
 2 17 1996 1349      851
 2 17 1996 1353      852
 2 17 1996 1359      853
 2 17 1996 1430      854
 2 17 1996 1442      855
 2 17 1996 1449      856
 2 17 1996 1521      857
 2 17 1996 1551      858
 2 17 1996 1602      859
 2 17 1996 1626      860
 2 17 1996 1648      861
 2 17 1996 1701      862
 2 17 1996 2013      863
 2 17 1996 2021      864
 2 17 1996 2024      865
 2 17 1996 2027      866
 2 17 1996 2030      867
 2 17 1996 2035      868
 2 17 1996 2228      869
 2 17 1996 2245      870
 2 17 1996 2301      871
 2 17 1996 2306      872
 2 17 1996 2325      873
 2 17 1996 2343      874
 2 18 1996  402      875
 2 18 1996  410      876
 2 18 1996  416      877
 2 18 1996  420      878
 2 18 1996  421      879
 2 18 1996  424      880
 2 18 1996  425      881
 2 18 1996  427      882
 2 18 1996  430      883
 2 18 1996  653      884
 2 18 1996 1159      885
 2 18 1996 1209      886
 2 18 1996 1223      887
 2 18 1996 1240      888
 2 18 1996 1318      889
 2 18 1996 1337      890
 2 18 1996 1402      891
 2 18 1996 1416      892
 2 18 1996 1421      893
 2 18 1996 1425      894
 2 18 1996 1435      895
 2 18 1996 1446      896
 2 18 1996 1501      897
 2 18 1996 1515      898
 2 18 1996 1523      899
 2 18 1996 1530      900
 2 18 1996 1548      901
 2 18 1996 1555      902
 2 18 1996 1603      903
 2 18 1996 1609      904
 2 18 1996 1619      905
 2 18 1996 1736      906
 2 18 1996 1759      907
 2 18 1996 1926      908
 2 18 1996 1935      909
 2 18 1996 1946      910
 2 18 1996 2140      911
 2 18 1996 2208      912
 2 18 1996 2238      913
 2 19 1996  309      914
 2 19 1996  312      915
 2 19 1996  315      916
 2 19 1996  317      917
 2 19 1996  319      918
 2 19 1996  322      919
 2 19 1996  324      920
 2 19 1996  329      921
 2 19 1996  332      922
 2 19 1996  800      923
 2 19 1996  844      924
 2 19 1996  900      925
 2 19 1996  910      926
 2 19 1996  912      927
 2 19 1996  916      928
 2 19 1996  924      929
 2 19 1996  933      930
 2 19 1996  941      931
 2 19 1996  948      932
 2 19 1996 1002      933
 2 19 1996 1038      934
 2 19 1996 1054      935
 2 19 1996 1144      936
 2 19 1996 1244      937
 2 20 1996  223      938
 2 20 1996  226      939
 2 20 1996  230      940
 2 20 1996  233      941
 2 20 1996  235      942
 2 20 1996  248      943
 2 20 1996  313      944
 2 20 1996  323      945
 2 20 1996  342      946
 2 20 1996  531      947
 2 20 1996  539      948
 2 20 1996  718      949
 2 20 1996  744      950
 2 20 1996  757      951
 2 20 1996  831      952
 2 20 1996  915      953
 2 20 1996 1303      954
 2 20 1996 1559      955
 2 20 1996 1604      956
 2 20 1996 1609      957
 2 20 1996 1612      958
 2 20 1996 1615      959
 2 20 1996 1621      960
 2 20 1996 1627      961
 2 20 1996 1652      962
 2 20 1996 1952      963
 2 21 1996 1030      964
 2 21 1996 1043      965
 2 21 1996 1052      966
 2 21 1996 1104      967
 2 21 1996 1157      968
 2 21 1996 1342      969
 2 21 1996 1343      970
 2 21 1996 1348      971
 2 22 1996 1600      972
 2 22 1996 1619      973
 2 22 1996 1635      974
 2 22 1996 1651      975
 2 22 1996 1657      976
 2 22 1996 1707      977
 2 22 1996 1713      978
 2 22 1996 1726      979
 2 22 1996 1751      980
 2 22 1996 1801      981
 2 22 1996 1805      982
 2 22 1996 1809      983
 2 22 1996 1816      984
 2 22 1996 1823      985
 2 22 1996 1831      986
 2 22 1996 1840      987
 2 22 1996 1847      988
 2 22 1996 1852      989
 2 22 1996 1857      990
 2 22 1996 1900      991
 2 22 1996 1905      992
 2 22 1996 1914      993
 2 22 1996 1920      994
 2 22 1996 1924      995
 2 22 1996 1927      996
 2 22 1996 1929      997
 2 22 1996 1931      998
 2 22 1996 1933      999
 2 22 1996 1935     1000
 2 22 1996 1939     1001
 2 22 1996 1943     1002
 2 22 1996 1944     1003
 2 22 1996 1946     1004
 2 22 1996 1947     1005
 2 22 1996 1949     1006
 2 22 1996 1952     1007
 2 22 1996 1954     1008
 2 22 1996 1956     1009
 2 22 1996 1958     1010
 2 22 1996 2000     1011
 2 22 1996 2004     1012
 2 22 1996 2009     1013
 2 22 1996 2019     1014
 2 22 1996 2107     1015
 2 22 1996 2117     1016
 2 22 1996 2130     1017
 2 22 1996 2135     1018
 2 22 1996 2141     1019
 2 22 1996 2144     1020
 2 22 1996 2148     1021
 2 22 1996 2201     1022
 2 22 1996 2252     1023
 2 23 1996  107     1024
 2 23 1996  156     1025
 2 23 1996  201     1026
 2 23 1996  244     1027
 2 23 1996  249     1028
 2 23 1996  301     1029
 2 23 1996  309     1030
 2 23 1996  320     1031
 2 23 1996  336     1032
 2 23 1996  443     1033
 2 23 1996  459     1034
 2 23 1996  511     1035
 2 23 1996  523     1036
 2 23 1996  553     1037
 2 23 1996  621     1038
 2 23 1996  640     1039
 2 23 1996  720     1040
 2 23 1996  727     1041
 2 23 1996  739     1042
 2 23 1996  814     1043
 2 23 1996  839     1044
 2 23 1996  855     1045
 2 23 1996  913     1046
 2 23 1996  921     1047
 2 23 1996  923     1048
 2 23 1996  927     1049
 2 23 1996  952     1050
 2 23 1996 1036     1051
 2 23 1996 1622     1052
 2 23 1996 1626     1053
 2 23 1996 1721     1054
 2 23 1996 2100     1055
 2 23 1996 2118     1056
 2 23 1996 2209     1057
 2 23 1996 2242     1058
 2 23 1996 2312     1059
 2 24 1996  846     1060
 2 24 1996  859     1061
 2 24 1996  906     1062
 2 24 1996  916     1063
 2 24 1996  928     1064
 2 24 1996  956     1065
 2 27 1996  902     1066
 3  3 1996  339     1067
 3  3 1996  353     1068
 3  3 1996  421     1069
 3  3 1996  445     1070
 3  3 1996  450     1071
 3  3 1996  456     1072
 3  3 1996  525     1073
 3  3 1996  532     1074
 3  3 1996  551     1075
 3  3 1996  609     1076
 3  3 1996  633     1077
 3  3 1996  708     1078
 3  3 1996  713     1079
 3  3 1996  723     1080
 3  3 1996  732     1081
 3  3 1996  738     1082
 3  3 1996  744     1083
 3  3 1996  748     1084
 3  3 1996  755     1085
 3  3 1996  800     1086
 3  3 1996  805     1087
 3  3 1996  809     1088
 3  3 1996  813     1089
 3  3 1996  817     1090
 3  3 1996  823     1091
 3  3 1996  825     1092
 3  3 1996  828     1093
 3  3 1996  831     1094
 3  3 1996  834     1095
 3  3 1996  837     1096
 3  3 1996  840     1097
 3  3 1996  844     1098
 3  3 1996  847     1099
 3  3 1996  853     1100
 3  3 1996  900     1101
 3  3 1996  906     1102
 3  3 1996  911     1103
 3  3 1996  916     1104
 3  3 1996  919     1105
 3  3 1996  924     1106
 3  3 1996  927     1107
 3  3 1996  931     1108
 3  3 1996  936     1109
 3  3 1996  942     1110
 3  3 1996  946     1111
 3  3 1996  949     1112
 3  3 1996  954     1113
 3  3 1996 1042     1114
 3  3 1996 1111     1115
 3  3 1996 1224     1116
 3  3 1996 1641     1117
