"pde11193.dat"
"DP-101  : Tipping bucket rain gage recorder"
"Processed file"
"File creation date   : 1993/12/27 at 09:50:57"
"By                   : kirk "
"Start date           : 11-05-93-09:11"
"Interval             : N/A"
"Preset factor        : 01"
"Calibration factors: sensor 1 : 1  sensor 2 : 1"
"Location : "
"Note : "

"MT" "DY" "YR" "HHMM" "TOTAL   "

11 11 1993  609        1
11 15 1993  851        2
11 15 1993  859        3
11 15 1993  917        4
11 15 1993  923        5
11 15 1993  926        6
11 15 1993  928        7
11 15 1993  930        8
11 15 1993  931        9
11 15 1993  933       10
11 15 1993  936       11
11 15 1993  947       12
11 15 1993 1000       13
11 15 1993 1012       14
11 15 1993 1024       15
11 15 1993 1659       16
11 15 1993 1734       17
11 15 1993 1735       18
11 15 1993 1736       19
11 15 1993 1737       20
11 15 1993 1738       21
11 15 1993 1741       22
11 15 1993 1747       23
11 16 1993    6       24
11 16 1993  652       25
11 16 1993  703       26
11 16 1993  710       27
11 16 1993  721       28
11 16 1993  727       29
11 16 1993  732       30
11 16 1993  735       31
11 16 1993  740       32
11 16 1993  747       33
11 16 1993  751       34
11 16 1993  753       35
11 16 1993  755       36
11 16 1993  800       37
11 16 1993  809       38
11 16 1993  822       39
11 16 1993  830       40
11 16 1993  904       41
11 16 1993 1115       42
11 16 1993 1118       43
11 16 1993 1123       44
11 17 1993  524       45
11 21 1993   13       46
11 21 1993  108       47
11 21 1993  151       48
11 21 1993  352       49
11 21 1993  547       50
11 21 1993  609       51
11 21 1993  721       52
11 21 1993  734       53
11 21 1993  755       54
11 21 1993  809       55
11 21 1993  819       56
11 21 1993  823       57
11 21 1993  827       58
11 21 1993  835       59
11 21 1993  850       60
11 21 1993  900       61
11 21 1993  926       62
11 21 1993  939       63
11 21 1993  949       64
11 21 1993 1004       65
11 21 1993 1033       66
11 21 1993 1105       67
11 21 1993 1657       68
11 26 1993 1236       69
11 26 1993 1307       70
11 26 1993 1324       71
11 27 1993   33       72
11 27 1993   42       73
11 27 1993  109       74
11 27 1993  132       75
11 27 1993  148       76
11 27 1993  245       77
11 27 1993  329       78
11 27 1993  401       79
11 27 1993  421       80
11 27 1993  436       81
11 27 1993  456       82
11 27 1993  522       83
11 27 1993  545       84
11 27 1993  554       85
11 27 1993  612       86
11 27 1993  745       87
11 27 1993  755       88
11 27 1993 1312       89
11 27 1993 1609       90
11 27 1993 1613       91
11 27 1993 1616       92
11 27 1993 1618       93
11 27 1993 1622       94
11 27 1993 1625       95
11 27 1993 1652       96
11 27 1993 1714       97
11 27 1993 1725       98
11 27 1993 1730       99
11 27 1993 1734      100
11 27 1993 1739      101
11 27 1993 1748      102
11 27 1993 2004      103
11 27 1993 2013      104
11 27 1993 2210      105
11 27 1993 2216      106
11 27 1993 2219      107
11 27 1993 2231      108
11 28 1993 1243      109
11 28 1993 1418      110
11 28 1993 1514      111
11 28 1993 1559      112
11 28 1993 1613      113
11 28 1993 1624      114
11 28 1993 1636      115
11 28 1993 1654      116
11 28 1993 1712      117
11 28 1993 1743      118
11 28 1993 1759      119
11 28 1993 1814      120
11 28 1993 1831      121
11 28 1993 1908      122
11 28 1993 1923      123
11 28 1993 1950      124
11 28 1993 2019      125
11 28 1993 2117      126
11 28 1993 2204      127
11 28 1993 2241      128
11 29 1993  445      129
11 29 1993  500      130
11 29 1993  511      131
11 29 1993  514      132
11 29 1993  518      133
11 29 1993  521      134
11 29 1993  525      135
11 29 1993  531      136
11 29 1993  540      137
11 29 1993  545      138
11 29 1993  549      139
11 29 1993  556      140
11 29 1993  604      141
11 29 1993  614      142
11 29 1993  622      143
11 29 1993  628      144
11 29 1993  637      145
11 29 1993  644      146
11 29 1993  650      147
11 29 1993  658      148
11 29 1993  709      149
11 29 1993  716      150
11 29 1993  721      151
11 29 1993  727      152
11 29 1993  733      153
11 29 1993  738      154
11 29 1993  743      155
11 29 1993  751      156
11 29 1993  756      157
11 29 1993  800      158
11 29 1993  805      159
11 29 1993  812      160
11 29 1993  821      161
11 29 1993  827      162
11 29 1993  832      163
11 29 1993  834      164
11 29 1993  837      165
11 29 1993  840      166
11 29 1993  843      167
11 29 1993  846      168
11 29 1993  849      169
11 29 1993  852      170
11 29 1993  856      171
11 29 1993  901      172
11 29 1993  905      173
11 29 1993  909      174
11 29 1993  914      175
11 29 1993  921      176
11 29 1993  927      177
11 29 1993  938      178
11 29 1993  946      179
11 29 1993  954      180
11 29 1993 1030      181
11 29 1993 1505      182
11 29 1993 1517      183
11 29 1993 1539      184
11 29 1993 1557      185
11 29 1993 1614      186
11 29 1993 1618      187
11 29 1993 1623      188
11 29 1993 1628      189
11 29 1993 1633      190
11 29 1993 1636      191
11 29 1993 1641      192
11 29 1993 1653      193
11 30 1993  300      194
11 30 1993  915      195
11 30 1993 1003      196
11 30 1993 1116      197
11 30 1993 1251      198
11 30 1993 1331      199
11 30 1993 1423      200
11 30 1993 1608      201
11 30 1993 1630      202
11 30 1993 1642      203
11 30 1993 1704      204
11 30 1993 1726      205
11 30 1993 1737      206
11 30 1993 1756      207
11 30 1993 1828      208
11 30 1993 1840      209
11 30 1993 1848      210
11 30 1993 1852      211
11 30 1993 1858      212
11 30 1993 1906      213
11 30 1993 1915      214
11 30 1993 1923      215
11 30 1993 1931      216
11 30 1993 1939      217
11 30 1993 1944      218
11 30 1993 1948      219
11 30 1993 1955      220
11 30 1993 1959      221
11 30 1993 2005      222
11 30 1993 2009      223
11 30 1993 2014      224
11 30 1993 2018      225
11 30 1993 2021      226
11 30 1993 2024      227
11 30 1993 2027      228
11 30 1993 2029      229
11 30 1993 2033      230
11 30 1993 2037      231
11 30 1993 2041      232
11 30 1993 2045      233
11 30 1993 2050      234
11 30 1993 2055      235
11 30 1993 2104      236
11 30 1993 2112      237
11 30 1993 2121      238
11 30 1993 2136      239
11 30 1993 2150      240
11 30 1993 2158      241
11 30 1993 2205      242
11 30 1993 2211      243
11 30 1993 2218      244
11 30 1993 2221      245
11 30 1993 2226      246
11 30 1993 2230      247
11 30 1993 2233      248
11 30 1993 2235      249
11 30 1993 2238      250
11 30 1993 2241      251
11 30 1993 2245      252
11 30 1993 2248      253
11 30 1993 2251      254
11 30 1993 2254      255
11 30 1993 2256      256
11 30 1993 2259      257
11 30 1993 2301      258
11 30 1993 2304      259
11 30 1993 2306      260
11 30 1993 2307      261
11 30 1993 2310      262
11 30 1993 2312      263
11 30 1993 2314      264
11 30 1993 2316      265
11 30 1993 2319      266
11 30 1993 2321      267
11 30 1993 2323      268
11 30 1993 2325      269
11 30 1993 2327      270
11 30 1993 2329      271
11 30 1993 2331      272
11 30 1993 2335      273
11 30 1993 2348      274
11 30 1993 2354      275
11 30 1993 2359      276
12  1 1993   10      277
12  1 1993   21      278
12  1 1993   35      279
12  1 1993   41      280
12  1 1993  102      281
12  1 1993  143      282
12  1 1993  222      283
12  1 1993  344      284
12  1 1993  933      285
12  1 1993  941      286
12  1 1993  950      287
12  1 1993  958      288
12  1 1993 1003      289
12  1 1993 1007      290
12  1 1993 1011      291
12  1 1993 1017      292
12  1 1993 1020      293
12  1 1993 1024      294
12  1 1993 1027      295
12  1 1993 1030      296
12  1 1993 1033      297
12  1 1993 1037      298
12  1 1993 1039      299
12  1 1993 1042      300
12  1 1993 1045      301
12  1 1993 1048      302
12  1 1993 1051      303
12  1 1993 1055      304
12  1 1993 1059      305
12  1 1993 1103      306
12  1 1993 1109      307
12  1 1993 1117      308
12  1 1993 1122      309
12  1 1993 1130      310
12  1 1993 1140      311
12  1 1993 1145      312
12  1 1993 1147      313
12  1 1993 1149      314
12  1 1993 1151      315
12  1 1993 1153      316
12  1 1993 1218      317
12  1 1993 1224      318
12  1 1993 1230      319
12  1 1993 1255      320
12  1 1993 1302      321
12  1 1993 1308      322
12  1 1993 1310      323
12  1 1993 1311      324
12  1 1993 1312      325
12  1 1993 1314      326
12  1 1993 1315      327
12  1 1993 1316      328
12  1 1993 1318      329
12  1 1993 1320      330
12  1 1993 1321      331
12  1 1993 1321      332
12  1 1993 1322      333
12  1 1993 1322      334
12  1 1993 1325      335
12  1 1993 1413      336
12  1 1993 1416      337
12  1 1993 1421      338
12  1 1993 1430      339
12  1 1993 1443      340
12  1 1993 1450      341
12  1 1993 1501      342
12  1 1993 1631      343
12  1 1993 1642      344
12  1 1993 1647      345
12  1 1993 1654      346
12  2 1993 1147      347
12  2 1993 1227      348
12  2 1993 1303      349
12  2 1993 1324      350
12  2 1993 1341      351
12  2 1993 1402      352
12  2 1993 1415      353
12  2 1993 1431      354
12  2 1993 1439      355
12  2 1993 1445      356
12  2 1993 1459      357
12  2 1993 1520      358
12  2 1993 1527      359
12  2 1993 1539      360
12  2 1993 1557      361
12  2 1993 1607      362
12  2 1993 1617      363
12  2 1993 1630      364
12  2 1993 1644      365
12  2 1993 1702      366
12  2 1993 1722      367
12  2 1993 1737      368
12  2 1993 1752      369
12  2 1993 1809      370
12  2 1993 1826      371
12  2 1993 1900      372
12  2 1993 1950      373
12  2 1993 2011      374
12  2 1993 2116      375
12  2 1993 2305      376
12  3 1993  502      377
12  3 1993  531      378
12  3 1993  555      379
12  3 1993  650      380
12  3 1993  717      381
12  3 1993 2006      382
12  3 1993 2022      383
12  3 1993 2035      384
12  3 1993 2042      385
12  3 1993 2049      386
12  3 1993 2053      387
12  3 1993 2059      388
12  3 1993 2105      389
12  3 1993 2110      390
12  3 1993 2116      391
12  3 1993 2121      392
12  3 1993 2125      393
12  3 1993 2130      394
12  3 1993 2134      395
12  3 1993 2137      396
12  3 1993 2140      397
12  3 1993 2144      398
12  3 1993 2147      399
12  3 1993 2149      400
12  3 1993 2149      401
12  3 1993 2149      402
12  3 1993 2150      403
12  3 1993 2151      404
12  3 1993 2151      405
12  3 1993 2151      406
12  3 1993 2151      407
12  3 1993 2152      408
12  3 1993 2152      409
12  3 1993 2153      410
12  3 1993 2153      411
12  3 1993 2155      412
12  3 1993 2200      413
12  3 1993 2206      414
12  3 1993 2212      415
12  3 1993 2222      416
12  3 1993 2232      417
12  5 1993 1134      418
12  6 1993 1318      419
12  6 1993 2147      420
12  6 1993 2203      421
12  6 1993 2213      422
12  6 1993 2226      423
12  7 1993   26      424
12  7 1993  239      425
12  7 1993  332      426
12  7 1993  343      427
12  7 1993  406      428
12  7 1993  428      429
12  7 1993  440      430
12  7 1993  448      431
12  7 1993  515      432
12  7 1993  607      433
12  7 1993  659      434
12  7 1993  758      435
12  7 1993  831      436
12  7 1993  848      437
12  7 1993  902      438
12  7 1993  912      439
12  7 1993  919      440
12  7 1993  931      441
12  7 1993 1042      442
12  7 1993 1352      443
12  7 1993 1511      444
12  7 1993 1516      445
12  7 1993 1521      446
12  7 1993 1533      447
12  7 1993 1612      448
12  7 1993 1654      449
12  7 1993 1657      450
12  7 1993 1659      451
12  7 1993 1700      452
12  7 1993 1701      453
12  7 1993 1709      454
12  7 1993 1711      455
12  7 1993 1713      456
12  7 1993 1714      457
12  7 1993 1715      458
12  7 1993 1717      459
12  7 1993 1724      460
12  7 1993 1732      461
12  7 1993 1734      462
12  7 1993 1736      463
12  7 1993 1740      464
12  7 1993 1746      465
12  7 1993 2238      466
12  7 1993 2258      467
12  7 1993 2314      468
12  7 1993 2324      469
12  7 1993 2332      470
12  7 1993 2339      471
12  7 1993 2349      472
12  7 1993 2357      473
12  8 1993    8      474
12  8 1993   15      475
12  8 1993   21      476
12  8 1993   28      477
12  8 1993   36      478
12  8 1993   46      479
12  8 1993  201      480
12  8 1993  402      481
12  8 1993  412      482
12  8 1993  421      483
12  8 1993  437      484
12  8 1993  446      485
12  8 1993  454      486
12  8 1993  914      487
12  8 1993  922      488
12  8 1993  925      489
12  8 1993  929      490
12  8 1993  934      491
12  8 1993  943      492
12  8 1993  952      493
12  8 1993  959      494
12  8 1993 1005      495
12  8 1993 1010      496
12  8 1993 1012      497
12  8 1993 1014      498
12  8 1993 1016      499
12  8 1993 1019      500
12  8 1993 1021      501
12  8 1993 1024      502
12  8 1993 1026      503
12  8 1993 1028      504
12  8 1993 1030      505
12  8 1993 1032      506
12  8 1993 1034      507
12  8 1993 1038      508
12  8 1993 1550      509
12  8 1993 1559      510
12  8 1993 1627      511
12  8 1993 1630      512
12  8 1993 1633      513
12  8 1993 1637      514
12  8 1993 1642      515
12  8 1993 1648      516
12  8 1993 1650      517
12  8 1993 1653      518
12  8 1993 1655      519
12  8 1993 1658      520
12  8 1993 1701      521
12  8 1993 1705      522
12  8 1993 1708      523
12  8 1993 1711      524
12  8 1993 1713      525
12  8 1993 1723      526
12  8 1993 1729      527
12  8 1993 1734      528
12  8 1993 1739      529
12  8 1993 1747      530
12  8 1993 1809      531
12  8 1993 1817      532
12  8 1993 1822      533
12  8 1993 1827      534
12  8 1993 1833      535
12  8 1993 1840      536
12  8 1993 1848      537
12  8 1993 1854      538
12  8 1993 1900      539
12  8 1993 1907      540
12  8 1993 1917      541
12  8 1993 1952      542
12  8 1993 2022      543
12  8 1993 2103      544
12  8 1993 2230      545
12  8 1993 2236      546
12  8 1993 2240      547
12  9 1993    5      548
12  9 1993  227      549
12  9 1993  304      550
12  9 1993  313      551
12  9 1993  539      552
12  9 1993  556      553
12  9 1993  617      554
12  9 1993  633      555
12  9 1993  840      556
12  9 1993  901      557
12  9 1993  917      558
12  9 1993  939      559
12  9 1993  951      560
12  9 1993 1002      561
12  9 1993 1015      562
12  9 1993 1022      563
12  9 1993 1029      564
12  9 1993 1035      565
12  9 1993 1044      566
12  9 1993 1100      567
12  9 1993 1110      568
12  9 1993 1115      569
12  9 1993 1121      570
12  9 1993 1127      571
12  9 1993 1133      572
12  9 1993 1137      573
12  9 1993 1144      574
12  9 1993 1152      575
12  9 1993 1200      576
12  9 1993 1207      577
12  9 1993 1220      578
12  9 1993 1226      579
12  9 1993 1231      580
12  9 1993 1236      581
12  9 1993 1241      582
12  9 1993 1249      583
12  9 1993 1258      584
12  9 1993 1304      585
12  9 1993 1311      586
12  9 1993 1320      587
12  9 1993 1327      588
12  9 1993 1331      589
12  9 1993 1334      590
12  9 1993 1336      591
12  9 1993 1339      592
12  9 1993 1343      593
12  9 1993 1347      594
12  9 1993 1352      595
12  9 1993 1358      596
12  9 1993 1403      597
12  9 1993 1409      598
12  9 1993 1413      599
12  9 1993 1521      600
