"PDE11294.DAT"
"DP-101  : Tipping bucket rain gage recorder"
"Processed file"
"File creation date   : 1995/01/18 at 08:59:58"
"By                   : VICENCIO"
"Start date           : 12-12-94-09:20"
"Interval             : N/A"
"Preset factor        : 01"
"Calibration factors: sensor 1 : 1  sensor 2 : 1"
"Location : CHAMBERS @ YELM HWY"
"Note : "

"MT" "DY" "YR" "HHMM" "TOTAL   "

12 14 1994  933        1
12 14 1994 1007        2
12 14 1994 1043        3
12 14 1994 1105        4
12 14 1994 1126        5
12 14 1994 1210        6
12 14 1994 1235        7
12 14 1994 1253        8
12 14 1994 1307        9
12 14 1994 1331       10
12 14 1994 1433       11
12 14 1994 1521       12
12 14 1994 1600       13
12 14 1994 1606       14
12 14 1994 1612       15
12 14 1994 1622       16
12 14 1994 1637       17
12 14 1994 1642       18
12 14 1994 1653       19
12 14 1994 1700       20
12 14 1994 1705       21
12 14 1994 1709       22
12 14 1994 1711       23
12 14 1994 1713       24
12 14 1994 1714       25
12 14 1994 1717       26
12 14 1994 1720       27
12 14 1994 1739       28
12 14 1994 1813       29
12 14 1994 2135       30
12 14 1994 2205       31
12 14 1994 2225       32
12 14 1994 2238       33
12 14 1994 2343       34
12 15 1994  548       35
12 15 1994 1421       36
12 15 1994 1432       37
12 15 1994 1438       38
12 15 1994 1445       39
12 15 1994 1452       40
12 15 1994 1459       41
12 15 1994 1657       42
12 15 1994 1710       43
12 15 1994 1719       44
12 15 1994 1743       45
12 15 1994 1809       46
12 15 1994 1827       47
12 15 1994 1849       48
12 15 1994 1905       49
12 15 1994 1941       50
12 15 1994 2008       51
12 15 1994 2018       52
12 15 1994 2024       53
12 15 1994 2033       54
12 15 1994 2039       55
12 15 1994 2043       56
12 15 1994 2047       57
12 15 1994 2049       58
12 15 1994 2052       59
12 15 1994 2055       60
12 15 1994 2057       61
12 15 1994 2100       62
12 15 1994 2103       63
12 15 1994 2106       64
12 15 1994 2114       65
12 15 1994 2201       66
12 15 1994 2237       67
12 15 1994 2341       68
12 15 1994 2357       69
12 16 1994  152       70
12 16 1994  157       71
12 16 1994  159       72
12 16 1994  202       73
12 16 1994  204       74
12 16 1994  207       75
12 16 1994  317       76
12 16 1994  330       77
12 16 1994  420       78
12 16 1994  621       79
12 16 1994  625       80
12 16 1994  626       81
12 16 1994  627       82
12 16 1994  628       83
12 16 1994  630       84
12 16 1994  631       85
12 16 1994  633       86
12 16 1994  635       87
12 16 1994  638       88
12 16 1994  644       89
12 16 1994  655       90
12 16 1994  731       91
12 16 1994 1027       92
12 16 1994 1038       93
12 16 1994 1420       94
12 16 1994 1527       95
12 16 1994 1539       96
12 16 1994 1548       97
12 16 1994 1556       98
12 16 1994 1603       99
12 16 1994 1611      100
12 16 1994 1621      101
12 16 1994 1633      102
12 16 1994 1640      103
12 16 1994 1645      104
12 16 1994 1649      105
12 16 1994 1653      106
12 16 1994 1658      107
12 16 1994 1704      108
12 16 1994 1711      109
12 16 1994 1718      110
12 16 1994 1723      111
12 16 1994 1727      112
12 16 1994 1733      113
12 16 1994 1739      114
12 16 1994 1746      115
12 16 1994 1801      116
12 16 1994 1823      117
12 16 1994 1830      118
12 16 1994 1839      119
12 16 1994 1900      120
12 16 1994 1929      121
12 16 1994 2002      122
12 16 1994 2025      123
12 16 1994 2041      124
12 16 1994 2044      125
12 16 1994 2046      126
12 16 1994 2049      127
12 16 1994 2057      128
12 16 1994 2114      129
12 16 1994 2121      130
12 16 1994 2125      131
12 16 1994 2136      132
12 16 1994 2139      133
12 16 1994 2147      134
12 16 1994 2158      135
12 16 1994 2205      136
12 16 1994 2220      137
12 16 1994 2234      138
12 16 1994 2239      139
12 16 1994 2247      140
12 16 1994 2252      141
12 16 1994 2257      142
12 16 1994 2305      143
12 16 1994 2310      144
12 16 1994 2314      145
12 16 1994 2318      146
12 16 1994 2321      147
12 16 1994 2327      148
12 16 1994 2330      149
12 16 1994 2334      150
12 16 1994 2338      151
12 16 1994 2341      152
12 16 1994 2343      153
12 16 1994 2347      154
12 16 1994 2351      155
12 16 1994 2354      156
12 16 1994 2357      157
12 17 1994    1      158
12 17 1994    5      159
12 17 1994    9      160
12 17 1994   12      161
12 17 1994   16      162
12 17 1994   19      163
12 17 1994   22      164
12 17 1994   24      165
12 17 1994   26      166
12 17 1994   29      167
12 17 1994   31      168
12 17 1994   33      169
12 17 1994   38      170
12 17 1994   41      171
12 17 1994   44      172
12 17 1994   47      173
12 17 1994   50      174
12 17 1994   54      175
12 17 1994   57      176
12 17 1994  100      177
12 17 1994  103      178
12 17 1994  105      179
12 17 1994  108      180
12 17 1994  111      181
12 17 1994  115      182
12 17 1994  117      183
12 17 1994  119      184
12 17 1994  123      185
12 17 1994  126      186
12 17 1994  134      187
12 17 1994  144      188
12 17 1994  205      189
12 17 1994  229      190
12 17 1994  309      191
12 17 1994  316      192
12 17 1994  333      193
12 17 1994  350      194
12 17 1994  402      195
12 17 1994  424      196
12 17 1994  428      197
12 17 1994  434      198
12 17 1994  451      199
12 17 1994  459      200
12 17 1994  503      201
12 17 1994  507      202
12 17 1994  509      203
12 17 1994  513      204
12 17 1994  516      205
12 17 1994  518      206
12 17 1994  523      207
12 17 1994  530      208
12 17 1994  543      209
12 17 1994  607      210
12 17 1994  627      211
12 17 1994  645      212
12 17 1994  702      213
12 17 1994  731      214
12 17 1994  749      215
12 17 1994  811      216
12 17 1994  832      217
12 17 1994  838      218
12 17 1994  853      219
12 17 1994  901      220
12 17 1994  907      221
12 17 1994  924      222
12 17 1994  946      223
12 17 1994 1356      224
12 17 1994 1443      225
12 17 1994 1458      226
12 17 1994 1513      227
12 17 1994 1639      228
12 17 1994 2149      229
12 17 1994 2204      230
12 17 1994 2241      231
12 17 1994 2246      232
12 17 1994 2252      233
12 17 1994 2259      234
12 17 1994 2303      235
12 17 1994 2347      236
12 18 1994   56      237
12 18 1994   58      238
12 18 1994  102      239
12 18 1994  107      240
12 18 1994  301      241
12 18 1994  358      242
12 18 1994  618      243
12 18 1994  646      244
12 18 1994  835      245
12 18 1994  845      246
12 18 1994  848      247
12 18 1994  851      248
12 18 1994  856      249
12 18 1994  900      250
12 18 1994  906      251
12 18 1994  910      252
12 18 1994  922      253
12 18 1994 1025      254
12 18 1994 1044      255
12 18 1994 1108      256
12 18 1994 1114      257
12 18 1994 1156      258
12 18 1994 1200      259
12 18 1994 1205      260
12 18 1994 1208      261
12 18 1994 1211      262
12 18 1994 1212      263
12 18 1994 1213      264
12 18 1994 1215      265
12 18 1994 1216      266
12 18 1994 1217      267
12 18 1994 1219      268
12 18 1994 1301      269
12 18 1994 1320      270
12 19 1994   15      271
12 19 1994   49      272
12 19 1994  134      273
12 19 1994  508      274
12 19 1994  728      275
12 19 1994  819      276
12 19 1994  842      277
12 19 1994  849      278
12 19 1994  855      279
12 19 1994  906      280
12 19 1994  920      281
12 19 1994  934      282
12 19 1994  949      283
12 19 1994  957      284
12 19 1994 1005      285
12 19 1994 1014      286
12 19 1994 1020      287
12 19 1994 1026      288
12 19 1994 1032      289
12 19 1994 1038      290
12 19 1994 1044      291
12 19 1994 1050      292
12 19 1994 1056      293
12 19 1994 1105      294
12 19 1994 1119      295
12 19 1994 1126      296
12 19 1994 1131      297
12 19 1994 1136      298
12 19 1994 1140      299
12 19 1994 1146      300
12 19 1994 1153      301
12 19 1994 1200      302
12 19 1994 1219      303
12 19 1994 1234      304
12 19 1994 1253      305
12 19 1994 1258      306
12 19 1994 1303      307
12 19 1994 1307      308
12 19 1994 1314      309
12 19 1994 1319      310
12 19 1994 1324      311
12 19 1994 1329      312
12 19 1994 1334      313
12 19 1994 1338      314
12 19 1994 1343      315
12 19 1994 1347      316
12 19 1994 1353      317
12 19 1994 1358      318
12 19 1994 1402      319
12 19 1994 1405      320
12 19 1994 1409      321
12 19 1994 1415      322
12 19 1994 1420      323
12 19 1994 1423      324
12 19 1994 1428      325
12 19 1994 1432      326
12 19 1994 1437      327
12 19 1994 1440      328
12 19 1994 1444      329
12 19 1994 1448      330
12 19 1994 1452      331
12 19 1994 1455      332
12 19 1994 1458      333
12 19 1994 1500      334
12 19 1994 1502      335
12 19 1994 1504      336
12 19 1994 1507      337
12 19 1994 1508      338
12 19 1994 1511      339
12 19 1994 1513      340
12 19 1994 1516      341
12 19 1994 1518      342
12 19 1994 1520      343
12 19 1994 1523      344
12 19 1994 1526      345
12 19 1994 1528      346
12 19 1994 1531      347
12 19 1994 1533      348
12 19 1994 1537      349
12 19 1994 1540      350
12 19 1994 1543      351
12 19 1994 1547      352
12 19 1994 1551      353
12 19 1994 1555      354
12 19 1994 1558      355
12 19 1994 1602      356
12 19 1994 1608      357
12 19 1994 1612      358
12 19 1994 1616      359
12 19 1994 1620      360
12 19 1994 1625      361
12 19 1994 1630      362
12 19 1994 1636      363
12 19 1994 1643      364
12 19 1994 1652      365
12 19 1994 1658      366
12 19 1994 1703      367
12 19 1994 1710      368
12 19 1994 1717      369
12 19 1994 1724      370
12 19 1994 1733      371
12 19 1994 1741      372
12 19 1994 1748      373
12 19 1994 1754      374
12 19 1994 1800      375
12 19 1994 1805      376
12 19 1994 1810      377
12 19 1994 1816      378
12 19 1994 1826      379
12 19 1994 1834      380
12 19 1994 1845      381
12 19 1994 1854      382
12 19 1994 1902      383
12 19 1994 1908      384
12 19 1994 1914      385
12 19 1994 1919      386
12 19 1994 1925      387
12 19 1994 1934      388
12 19 1994 1943      389
12 19 1994 1958      390
12 19 1994 2017      391
12 19 1994 2052      392
12 19 1994 2109      393
12 19 1994 2122      394
12 19 1994 2129      395
12 19 1994 2138      396
12 19 1994 2149      397
12 19 1994 2207      398
12 19 1994 2244      399
12 19 1994 2305      400
12 19 1994 2311      401
12 19 1994 2321      402
12 19 1994 2329      403
12 19 1994 2334      404
12 19 1994 2341      405
12 19 1994 2346      406
12 19 1994 2353      407
12 19 1994 2359      408
12 20 1994    4      409
12 20 1994    9      410
12 20 1994   15      411
12 20 1994   20      412
12 20 1994   25      413
12 20 1994   30      414
12 20 1994   35      415
12 20 1994   40      416
12 20 1994   44      417
12 20 1994   49      418
12 20 1994   54      419
12 20 1994   58      420
12 20 1994  103      421
12 20 1994  108      422
12 20 1994  114      423
12 20 1994  119      424
12 20 1994  124      425
12 20 1994  130      426
12 20 1994  136      427
12 20 1994  140      428
12 20 1994  144      429
12 20 1994  148      430
12 20 1994  152      431
12 20 1994  157      432
12 20 1994  202      433
12 20 1994  205      434
12 20 1994  209      435
12 20 1994  213      436
12 20 1994  218      437
12 20 1994  222      438
12 20 1994  227      439
12 20 1994  235      440
12 20 1994  242      441
12 20 1994  250      442
12 20 1994  257      443
12 20 1994  302      444
12 20 1994  307      445
12 20 1994  311      446
12 20 1994  316      447
12 20 1994  321      448
12 20 1994  327      449
12 20 1994  333      450
12 20 1994  341      451
12 20 1994  349      452
12 20 1994  356      453
12 20 1994  404      454
12 20 1994  412      455
12 20 1994  419      456
12 20 1994  426      457
12 20 1994  431      458
12 20 1994  437      459
12 20 1994  442      460
12 20 1994  447      461
12 20 1994  453      462
12 20 1994  501      463
12 20 1994  507      464
12 20 1994  515      465
12 20 1994  517      466
12 20 1994  518      467
12 20 1994  519      468
12 20 1994  524      469
12 20 1994  528      470
12 20 1994  533      471
12 20 1994  538      472
12 20 1994  545      473
12 20 1994  553      474
12 20 1994  603      475
12 20 1994  610      476
12 20 1994  617      477
12 20 1994  624      478
12 20 1994  642      479
12 20 1994  654      480
12 20 1994  659      481
12 20 1994  705      482
12 20 1994  716      483
12 20 1994  723      484
12 20 1994  746      485
12 20 1994  758      486
12 20 1994  803      487
12 20 1994  811      488
12 20 1994  832      489
12 20 1994  848      490
12 20 1994  902      491
12 20 1994  911      492
12 20 1994  921      493
12 20 1994  929      494
12 20 1994  935      495
12 20 1994  940      496
12 20 1994  944      497
12 20 1994  954      498
12 20 1994 1008      499
12 20 1994 1024      500
12 20 1994 1035      501
12 20 1994 1053      502
12 20 1994 1103      503
12 20 1994 1111      504
12 20 1994 1121      505
12 20 1994 1129      506
12 20 1994 1141      507
12 20 1994 1156      508
12 20 1994 1212      509
12 20 1994 1224      510
12 20 1994 1231      511
12 20 1994 1239      512
12 20 1994 1249      513
12 20 1994 1258      514
12 20 1994 1309      515
12 20 1994 1317      516
12 20 1994 1325      517
12 20 1994 1332      518
12 20 1994 1337      519
12 20 1994 1342      520
12 20 1994 1346      521
12 20 1994 1352      522
12 20 1994 1357      523
12 20 1994 1401      524
12 20 1994 1406      525
12 20 1994 1411      526
12 20 1994 1416      527
12 20 1994 1421      528
12 20 1994 1426      529
12 20 1994 1431      530
12 20 1994 1436      531
12 20 1994 1440      532
12 20 1994 1444      533
12 20 1994 1448      534
12 20 1994 1451      535
12 20 1994 1456      536
12 20 1994 1501      537
12 20 1994 1507      538
12 20 1994 1513      539
12 20 1994 1520      540
12 20 1994 1530      541
12 20 1994 1540      542
12 20 1994 1549      543
12 20 1994 1558      544
12 20 1994 1608      545
12 20 1994 1622      546
12 20 1994 1635      547
12 20 1994 1648      548
12 20 1994 1907      549
12 20 1994 1933      550
12 20 1994 2008      551
12 21 1994  318      552
12 21 1994 2250      553
12 24 1994  839      554
12 25 1994 1100      555
12 25 1994 1138      556
12 25 1994 1155      557
12 25 1994 1209      558
12 25 1994 1220      559
12 25 1994 1231      560
12 25 1994 1242      561
12 25 1994 1255      562
12 25 1994 1316      563
12 25 1994 1332      564
12 25 1994 1345      565
12 25 1994 1355      566
12 25 1994 1403      567
12 25 1994 1413      568
12 25 1994 1426      569
12 25 1994 1442      570
12 25 1994 1458      571
12 25 1994 1517      572
12 25 1994 1535      573
12 25 1994 1553      574
12 25 1994 1607      575
12 25 1994 1622      576
12 25 1994 1642      577
12 25 1994 1659      578
12 25 1994 1720      579
12 25 1994 1735      580
12 25 1994 1742      581
12 25 1994 1756      582
12 25 1994 1815      583
12 25 1994 1833      584
12 25 1994 1904      585
12 25 1994 1937      586
12 25 1994 2047      587
12 25 1994 2100      588
12 25 1994 2159      589
12 25 1994 2224      590
12 25 1994 2235      591
12 25 1994 2247      592
12 25 1994 2256      593
12 25 1994 2311      594
12 25 1994 2334      595
12 25 1994 2352      596
12 26 1994    3      597
12 26 1994   14      598
12 26 1994   25      599
12 26 1994   37      600
12 26 1994   45      601
12 26 1994   55      602
12 26 1994  106      603
12 26 1994  114      604
12 26 1994  121      605
12 26 1994  129      606
12 26 1994  137      607
12 26 1994  144      608
12 26 1994  149      609
12 26 1994  153      610
12 26 1994  156      611
12 26 1994  159      612
12 26 1994  201      613
12 26 1994  204      614
12 26 1994  206      615
12 26 1994  208      616
12 26 1994  211      617
12 26 1994  213      618
12 26 1994  216      619
12 26 1994  219      620
12 26 1994  222      621
12 26 1994  226      622
12 26 1994  229      623
12 26 1994  233      624
12 26 1994  236      625
12 26 1994  240      626
12 26 1994  244      627
12 26 1994  248      628
12 26 1994  252      629
12 26 1994  256      630
12 26 1994  300      631
12 26 1994  304      632
12 26 1994  308      633
12 26 1994  311      634
12 26 1994  314      635
12 26 1994  317      636
12 26 1994  320      637
12 26 1994  323      638
12 26 1994  326      639
12 26 1994  328      640
12 26 1994  330      641
12 26 1994  332      642
12 26 1994  334      643
12 26 1994  337      644
12 26 1994  340      645
12 26 1994  343      646
12 26 1994  345      647
12 26 1994  348      648
12 26 1994  351      649
12 26 1994  353      650
12 26 1994  356      651
12 26 1994  358      652
12 26 1994  400      653
12 26 1994  402      654
12 26 1994  404      655
12 26 1994  407      656
12 26 1994  410      657
12 26 1994  412      658
12 26 1994  415      659
12 26 1994  418      660
12 26 1994  420      661
12 26 1994  423      662
12 26 1994  426      663
12 26 1994  429      664
12 26 1994  432      665
12 26 1994  435      666
12 26 1994  439      667
12 26 1994  442      668
12 26 1994  446      669
12 26 1994  450      670
12 26 1994  454      671
12 26 1994  458      672
12 26 1994  501      673
12 26 1994  506      674
12 26 1994  511      675
12 26 1994  518      676
12 26 1994  523      677
12 26 1994  528      678
12 26 1994  532      679
12 26 1994  538      680
12 26 1994  543      681
12 26 1994  548      682
12 26 1994  553      683
12 26 1994  559      684
12 26 1994  604      685
12 26 1994  609      686
12 26 1994  615      687
12 26 1994  620      688
12 26 1994  625      689
12 26 1994  632      690
12 26 1994  641      691
12 26 1994  651      692
12 26 1994  704      693
12 26 1994  720      694
12 26 1994  735      695
12 26 1994  801      696
12 26 1994  839      697
12 26 1994  934      698
12 26 1994 1007      699
12 26 1994 1021      700
12 26 1994 1031      701
12 26 1994 1043      702
12 26 1994 1054      703
12 26 1994 1102      704
12 26 1994 1115      705
12 26 1994 1120      706
12 26 1994 1127      707
12 26 1994 1137      708
12 26 1994 1146      709
12 26 1994 1156      710
12 26 1994 1211      711
12 26 1994 1223      712
12 26 1994 1230      713
12 26 1994 1234      714
12 26 1994 1241      715
12 26 1994 1255      716
12 26 1994 1306      717
12 26 1994 1314      718
12 26 1994 1320      719
12 26 1994 1327      720
12 26 1994 1334      721
12 26 1994 1345      722
12 26 1994 1352      723
12 26 1994 1359      724
12 26 1994 1402      725
12 26 1994 1405      726
12 26 1994 1408      727
12 26 1994 1412      728
12 26 1994 1416      729
12 26 1994 1421      730
12 26 1994 1425      731
12 26 1994 1430      732
12 26 1994 1433      733
12 26 1994 1436      734
12 26 1994 1441      735
12 26 1994 1447      736
12 26 1994 1453      737
12 26 1994 1500      738
12 26 1994 1510      739
12 26 1994 1519      740
12 26 1994 1528      741
12 26 1994 1535      742
12 26 1994 1539      743
12 26 1994 1544      744
12 26 1994 1547      745
12 26 1994 1551      746
12 26 1994 1555      747
12 26 1994 1559      748
12 26 1994 1604      749
12 26 1994 1608      750
12 26 1994 1615      751
12 26 1994 1623      752
12 26 1994 1628      753
12 26 1994 1633      754
12 26 1994 1637      755
12 26 1994 1642      756
12 26 1994 1645      757
12 26 1994 1650      758
12 26 1994 1655      759
12 26 1994 1700      760
12 26 1994 1704      761
12 26 1994 1709      762
12 26 1994 1712      763
12 26 1994 1717      764
12 26 1994 1720      765
12 26 1994 1723      766
12 26 1994 1726      767
12 26 1994 1730      768
12 26 1994 1735      769
12 26 1994 1741      770
12 26 1994 1745      771
12 26 1994 1749      772
12 26 1994 1754      773
12 26 1994 1759      774
12 26 1994 1804      775
12 26 1994 1809      776
12 26 1994 1817      777
12 26 1994 1825      778
12 26 1994 1832      779
12 26 1994 1839      780
12 26 1994 1846      781
12 26 1994 1855      782
12 26 1994 1902      783
12 26 1994 1909      784
12 26 1994 1914      785
12 26 1994 1921      786
12 26 1994 1926      787
12 26 1994 1929      788
12 26 1994 1933      789
12 26 1994 1937      790
12 26 1994 1942      791
12 26 1994 1947      792
12 26 1994 1952      793
12 26 1994 1957      794
12 26 1994 2002      795
12 26 1994 2009      796
12 26 1994 2014      797
12 26 1994 2019      798
12 26 1994 2026      799
12 26 1994 2032      800
12 26 1994 2038      801
12 26 1994 2046      802
12 26 1994 2053      803
12 26 1994 2058      804
12 26 1994 2103      805
12 26 1994 2109      806
12 26 1994 2115      807
12 26 1994 2120      808
12 26 1994 2124      809
12 26 1994 2129      810
12 26 1994 2132      811
12 26 1994 2136      812
12 26 1994 2140      813
12 26 1994 2144      814
12 26 1994 2149      815
12 26 1994 2152      816
12 26 1994 2156      817
12 26 1994 2201      818
12 26 1994 2208      819
12 26 1994 2213      820
12 26 1994 2218      821
12 26 1994 2224      822
12 26 1994 2228      823
12 26 1994 2233      824
12 26 1994 2238      825
12 26 1994 2243      826
12 26 1994 2248      827
12 26 1994 2254      828
12 26 1994 2258      829
12 26 1994 2302      830
12 26 1994 2305      831
12 26 1994 2309      832
12 26 1994 2313      833
12 26 1994 2318      834
12 26 1994 2322      835
12 26 1994 2326      836
12 26 1994 2329      837
12 26 1994 2333      838
12 26 1994 2336      839
12 26 1994 2341      840
12 26 1994 2345      841
12 26 1994 2349      842
12 26 1994 2352      843
12 26 1994 2357      844
12 27 1994    1      845
12 27 1994    4      846
12 27 1994    7      847
12 27 1994   10      848
12 27 1994   14      849
12 27 1994   17      850
12 27 1994   20      851
12 27 1994   23      852
12 27 1994   27      853
12 27 1994   30      854
12 27 1994   35      855
12 27 1994   40      856
12 27 1994   44      857
12 27 1994   48      858
12 27 1994   51      859
12 27 1994   55      860
12 27 1994   59      861
12 27 1994  102      862
12 27 1994  106      863
12 27 1994  109      864
12 27 1994  112      865
12 27 1994  116      866
12 27 1994  121      867
12 27 1994  125      868
12 27 1994  129      869
12 27 1994  133      870
12 27 1994  136      871
12 27 1994  138      872
12 27 1994  140      873
12 27 1994  143      874
12 27 1994  145      875
12 27 1994  147      876
12 27 1994  149      877
12 27 1994  152      878
12 27 1994  155      879
12 27 1994  158      880
12 27 1994  202      881
12 27 1994  205      882
12 27 1994  209      883
12 27 1994  213      884
12 27 1994  216      885
12 27 1994  220      886
12 27 1994  224      887
12 27 1994  227      888
12 27 1994  230      889
12 27 1994  234      890
12 27 1994  237      891
12 27 1994  241      892
12 27 1994  246      893
12 27 1994  250      894
12 27 1994  252      895
12 27 1994  256      896
12 27 1994  259      897
12 27 1994  302      898
12 27 1994  305      899
12 27 1994  309      900
12 27 1994  312      901
12 27 1994  315      902
12 27 1994  319      903
12 27 1994  322      904
12 27 1994  325      905
12 27 1994  329      906
12 27 1994  331      907
12 27 1994  335      908
12 27 1994  338      909
12 27 1994  342      910
12 27 1994  346      911
12 27 1994  349      912
12 27 1994  352      913
12 27 1994  356      914
12 27 1994  359      915
12 27 1994  402      916
12 27 1994  406      917
12 27 1994  410      918
12 27 1994  414      919
12 27 1994  417      920
12 27 1994  421      921
12 27 1994  426      922
12 27 1994  430      923
12 27 1994  436      924
12 27 1994  443      925
12 27 1994  449      926
12 27 1994  455      927
12 27 1994  502      928
12 27 1994  508      929
12 27 1994  514      930
12 27 1994  519      931
12 27 1994  524      932
12 27 1994  529      933
12 27 1994  535      934
12 27 1994  541      935
12 27 1994  547      936
12 27 1994  553      937
12 27 1994  600      938
12 27 1994  606      939
12 27 1994  614      940
12 27 1994  623      941
12 27 1994  631      942
12 27 1994  640      943
12 27 1994  651      944
12 27 1994  701      945
12 27 1994  710      946
12 27 1994  720      947
12 27 1994  733      948
12 27 1994  744      949
12 27 1994  803      950
12 27 1994  824      951
12 27 1994  900      952
12 27 1994 1523      953
12 27 1994 1539      954
12 27 1994 1758      955
12 27 1994 1819      956
12 27 1994 2149      957
12 27 1994 2213      958
12 27 1994 2227      959
12 27 1994 2236      960
12 27 1994 2255      961
12 28 1994   18      962
12 28 1994  420      963
12 28 1994  452      964
12 28 1994  658      965
12 28 1994  756      966
12 29 1994  926      967
12 30 1994 1407      968
 1  4 1994 1039      969
 1  6 1994  541      970
 1  6 1994  634      971
 1  6 1994  645      972
 1  6 1994  720      973
 1  6 1994  726      974
 1  6 1994  831      975
 1  6 1994  854      976
 1  6 1994 1313      977
 1  6 1994 1401      978
 1  7 1994  753      979
 1  7 1994  758      980
 1  7 1994  759      981
 1  7 1994  759      982
 1  7 1994  800      983
 1  7 1994  800      984
 1  7 1994  800      985
 1  7 1994  801      986
 1  7 1994  801      987
 1  7 1994  801      988
 1  7 1994  801      989
 1  7 1994  807      990
 1  7 1994  813      991
 1  7 1994  823      992
 1  7 1994  830      993
 1  7 1994  841      994
 1  7 1994  849      995
 1  7 1994  900      996
 1  7 1994  912      997
 1  7 1994 1558      998
 1  7 1994 1614      999
 1  7 1994 1620     1000
 1  7 1994 1627     1001
 1  7 1994 1635     1002
 1  7 1994 1701     1003
 1  7 1994 1729     1004
 1  7 1994 1746     1005
 1  7 1994 2137     1006
 1  7 1994 2218     1007
 1  7 1994 2247     1008
 1  8 1994   12     1009
 1  8 1994  415     1010
 1  8 1994  505     1011
 1  8 1994  737     1012
 1  8 1994  814     1013
 1  8 1994  840     1014
 1  8 1994 1128     1015
 1  8 1994 1447     1016
 1  8 1994 1533     1017
 1  9 1994   10     1018
 1  9 1994   23     1019
 1  9 1994   29     1020
 1  9 1994   34     1021
 1  9 1994   38     1022
 1  9 1994   42     1023
 1  9 1994   49     1024
 1  9 1994   55     1025
 1  9 1994  109     1026
 1  9 1994  134     1027
 1  9 1994  154     1028
 1  9 1994  208     1029
 1  9 1994  215     1030
 1  9 1994  219     1031
 1  9 1994  223     1032
 1  9 1994  237     1033
 1  9 1994  304     1034
 1  9 1994  322     1035
 1  9 1994  614     1036
 1  9 1994  752     1037
 1  9 1994  800     1038
 1  9 1994  805     1039
 1  9 1994  812     1040
 1  9 1994  838     1041
 1  9 1994  903     1042
 1  9 1994  925     1043
 1  9 1994  928     1044
 1  9 1994  936     1045
 1  9 1994 1257     1046
 1  9 1994 1313     1047
 1  9 1994 1324     1048
 1  9 1994 1331     1049
 1  9 1994 1337     1050
 1  9 1994 1349     1051
 1  9 1994 1409     1052
 1  9 1994 1424     1053
 1  9 1994 1453     1054
 1  9 1994 1611     1055
 1  9 1994 1637     1056
 1  9 1994 1649     1057
 1  9 1994 1723     1058
 1  9 1994 1733     1059
 1  9 1994 1738     1060
 1  9 1994 1753     1061
 1  9 1994 1804     1062
 1  9 1994 1836     1063
 1  9 1994 1850     1064
 1  9 1994 1852     1065
 1  9 1994 2324     1066
 1 10 1994  441     1067
 1 10 1994  453     1068
 1 10 1994  524     1069
 1 10 1994  602     1070
 1 10 1994  639     1071
 1 10 1994  659     1072
 1 10 1994  716     1073
 1 10 1994  737     1074
 1 10 1994  805     1075
 1 10 1994  908     1076
 1 10 1994  926     1077
 1 10 1994 1026     1078
 1 10 1994 1827     1079
 1 10 1994 1844     1080
 1 10 1994 2214     1081
 1 10 1994 2300     1082
 1 10 1994 2320     1083
 1 10 1994 2334     1084
 1 10 1994 2353     1085
 1 11 1994  127     1086
 1 11 1994  218     1087
 1 11 1994  612     1088
 1 11 1994  626     1089
 1 11 1994  631     1090
 1 11 1994  634     1091
 1 11 1994  637     1092
 1 11 1994  640     1093
 1 11 1994  643     1094
 1 11 1994  646     1095
 1 11 1994  651     1096
 1 11 1994  658     1097
 1 11 1994  711     1098
 1 11 1994  751     1099
 1 12 1994  846     1100
