"PDE10396.dat"
"DP-101  : Tipping bucket rain gage recorder"
"Processed file"
"File creation date   : 1996/04/10 at 08:42:15"
"By                   : Vicencio   "
"Start date           : 03-04-96-10:18"
"Interval             : N/A"
"Preset factor        : 01"
"Calibration factors: sensor 1 : 1  sensor 2 : 1"
"Location : Yelm highway"
"Note : "

"MT" "DY" "YR" "HHMM" "TOTAL   "

 3  4 1996 1416        1
 3  4 1996 1437        2
 3  4 1996 1519        3
 3  4 1996 1535        4
 3  4 1996 1547        5
 3  4 1996 1557        6
 3  4 1996 1604        7
 3  4 1996 1611        8
 3  4 1996 1616        9
 3  4 1996 1624       10
 3  4 1996 1630       11
 3  4 1996 1636       12
 3  4 1996 1643       13
 3  4 1996 1648       14
 3  4 1996 1652       15
 3  4 1996 1656       16
 3  4 1996 1659       17
 3  4 1996 1704       18
 3  4 1996 1709       19
 3  4 1996 1713       20
 3  4 1996 1717       21
 3  4 1996 1720       22
 3  4 1996 1724       23
 3  4 1996 1729       24
 3  4 1996 1734       25
 3  4 1996 1738       26
 3  4 1996 1742       27
 3  4 1996 1749       28
 3  4 1996 1757       29
 3  4 1996 1813       30
 3  4 1996 1825       31
 3  4 1996 1857       32
 3  4 1996 1927       33
 3  4 1996 2005       34
 3  4 1996 2043       35
 3  5 1996  506       36
 3  5 1996  548       37
 3  5 1996  616       38
 3  5 1996  845       39
 3  5 1996  856       40
 3  5 1996  901       41
 3  5 1996  907       42
 3  5 1996  912       43
 3  5 1996  918       44
 3  5 1996  930       45
 3  5 1996  946       46
 3  5 1996 1002       47
 3  5 1996 1036       48
 3  5 1996 1110       49
 3  5 1996 1130       50
 3  5 1996 1623       51
 3  5 1996 1716       52
 3  5 1996 1854       53
 3  5 1996 1915       54
 3  5 1996 2056       55
 3  6 1996  142       56
 3  6 1996  148       57
 3  6 1996  201       58
 3  6 1996  221       59
 3  7 1996  741       60
 3  7 1996  747       61
 3  7 1996  752       62
 3  7 1996  802       63
 3  7 1996  907       64
 3  7 1996  912       65
 3  7 1996  923       66
 3  7 1996 1110       67
 3  7 1996 1318       68
 3  7 1996 1410       69
 3  7 1996 1759       70
 3  7 1996 1829       71
 3  7 1996 2128       72
 3  7 1996 2239       73
 3  7 1996 2319       74
 3  7 1996 2349       75
 3  8 1996  154       76
 3  9 1996 1441       77
 3  9 1996 1512       78
 3  9 1996 1538       79
 3  9 1996 1620       80
 3  9 1996 1656       81
 3  9 1996 1713       82
 3  9 1996 1721       83
 3  9 1996 1738       84
 3  9 1996 1805       85
 3  9 1996 1819       86
 3  9 1996 1829       87
 3  9 1996 1913       88
 3  9 1996 1925       89
 3  9 1996 1930       90
 3  9 1996 1941       91
 3  9 1996 1954       92
 3  9 1996 2012       93
 3  9 1996 2019       94
 3  9 1996 2028       95
 3  9 1996 2047       96
 3  9 1996 2110       97
 3  9 1996 2142       98
 3  9 1996 2154       99
 3  9 1996 2202      100
 3  9 1996 2347      101
 3 10 1996   10      102
 3 10 1996   33      103
 3 10 1996  111      104
 3 10 1996  133      105
 3 10 1996  214      106
 3 10 1996  309      107
 3 10 1996  430      108
 3 10 1996  441      109
 3 10 1996  607      110
 3 10 1996  702      111
 3 10 1996 1605      112
 3 10 1996 1615      113
 3 10 1996 1844      114
 3 10 1996 2120      115
 3 10 1996 2126      116
 3 10 1996 2129      117
 3 10 1996 2132      118
 3 10 1996 2148      119
 3 10 1996 2152      120
 3 10 1996 2211      121
 3 11 1996   13      122
 3 11 1996   43      123
 3 11 1996   52      124
 3 11 1996  119      125
 3 11 1996  446      126
 3 12 1996 1649      127
 3 12 1996 1652      128
 3 12 1996 1739      129
 3 13 1996  446      130
 3 17 1996  835      131
 3 19 1996  138      132
 3 19 1996  148      133
 3 19 1996  159      134
 3 19 1996  209      135
 3 19 1996  231      136
 3 19 1996  831      137
 3 20 1996  904      138
 3 20 1996 1020      139
 3 21 1996 1844      140
 3 21 1996 1846      141
 3 21 1996 1847      142
 3 21 1996 1849      143
 3 21 1996 1849      144
 3 21 1996 1850      145
 3 21 1996 1853      146
 3 21 1996 1855      147
 3 21 1996 1857      148
 3 21 1996 1905      149
 3 21 1996 1923      150
 3 21 1996 1929      151
 3 21 1996 1933      152
 3 21 1996 1937      153
 3 21 1996 1942      154
 3 21 1996 1950      155
 3 21 1996 1958      156
 3 21 1996 2245      157
 3 21 1996 2258      158
 3 21 1996 2321      159
 3 22 1996   23      160
 3 22 1996  200      161
 3 22 1996  301      162
 3 22 1996  316      163
 3 22 1996  324      164
 3 22 1996  340      165
 3 22 1996  349      166
 3 22 1996  359      167
 3 22 1996  405      168
 3 22 1996  408      169
 3 22 1996  411      170
 3 22 1996  415      171
 3 22 1996  417      172
 3 22 1996  420      173
 3 22 1996  423      174
 3 22 1996  428      175
 3 22 1996  434      176
 3 22 1996  441      177
 3 22 1996  448      178
 3 22 1996  454      179
 3 22 1996  500      180
 3 22 1996  504      181
 3 22 1996  515      182
 3 22 1996  529      183
 3 22 1996  558      184
 3 22 1996  618      185
 3 22 1996  658      186
 3 22 1996  708      187
 3 22 1996  720      188
 3 22 1996  757      189
 3 22 1996  815      190
 3 22 1996  827      191
 3 23 1996 2138      192
 3 27 1996 1135      193
 3 28 1996 2350      194
 3 28 1996 2357      195
 3 29 1996    1      196
 3 29 1996   10      197
 3 29 1996  256      198
 3 29 1996  326      199
 3 29 1996  335      200
 3 29 1996  410      201
 3 29 1996  416      202
 3 29 1996  426      203
 3 29 1996  440      204
 3 29 1996  519      205
 3 29 1996  948      206
 3 29 1996  952      207
 3 29 1996  952      208
 3 29 1996  955      209
 3 29 1996  958      210
 3 29 1996 1000      211
 3 29 1996 1003      212
 3 29 1996 1010      213
 3 29 1996 1427      214
 3 29 1996 1431      215
 3 29 1996 1432      216
 3 29 1996 1433      217
 3 29 1996 1434      218
 3 29 1996 1435      219
 3 31 1996  528      220
 3 31 1996  639      221
 3 31 1996  847      222
 3 31 1996  916      223
 3 31 1996 1028      224
 3 31 1996 1120      225
 3 31 1996 1239      226
 3 31 1996 1306      227
 3 31 1996 1313      228
 3 31 1996 1332      229
 3 31 1996 1521      230
 3 31 1996 1528      231
 3 31 1996 1533      232
 3 31 1996 1537      233
 3 31 1996 1540      234
 3 31 1996 1544      235
 3 31 1996 1548      236
 3 31 1996 1606      237
 3 31 1996 1618      238
 3 31 1996 1629      239
 3 31 1996 1635      240
 3 31 1996 1640      241
 3 31 1996 1644      242
 3 31 1996 1651      243
 3 31 1996 1700      244
 3 31 1996 1709      245
 3 31 1996 1750      246
 3 31 1996 1820      247
 3 31 1996 1824      248
 3 31 1996 1827      249
 3 31 1996 1840      250
 3 31 1996 1857      251
 4  1 1996  315      252
 4  1 1996  333      253
 4  1 1996  359      254
 4  1 1996  443      255
 4  1 1996  451      256
 4  1 1996  457      257
 4  1 1996  507      258
 4  1 1996  514      259
 4  1 1996  519      260
 4  1 1996  528      261
 4  1 1996  538      262
 4  1 1996  544      263
 4  1 1996  602      264
 4  1 1996  633      265
 4  1 1996  642      266
 4  1 1996  652      267
 4  1 1996  658      268
 4  1 1996  704      269
 4  1 1996  712      270
 4  1 1996  721      271
 4  1 1996  731      272
 4  1 1996  740      273
 4  1 1996  747      274
 4  1 1996  934      275
 4  1 1996 1216      276
 4  1 1996 1224      277
 4  1 1996 1227      278
 4  1 1996 1231      279
 4  1 1996 1234      280
 4  1 1996 1243      281
 4  1 1996 1357      282
 4  1 1996 1359      283
 4  1 1996 1421      284
 4  1 1996 1432      285
 4  1 1996 1437      286
 4  1 1996 1445      287
