"pde20696.dat"
"DP-101  : Tipping bucket rain gage recorder"
"Processed file"
"File creation date   : 1996/08/09 at 16:08:10"
"By                   : Vicencio   "
"Start date           : 06-05-96-12:10"
"Interval             : N/A"
"Preset factor        : 01"
"Calibration factors: sensor 1 : 1  sensor 2 : 1"
"Location : Lk Lawrence"
"Note : June & July download"

"MT" "DY" "YR" "HHMM" "TOTAL   "

 6  5 1996 1217        1
 6  9 1996 1616        2
 6  9 1996 1618        3
 6 17 1996 1256        4
 6 17 1996 1303        5
 6 17 1996 1306        6
 6 17 1996 1307        7
 6 17 1996 1309        8
 6 17 1996 1311        9
 6 17 1996 1314       10
 6 17 1996 1316       11
 6 17 1996 1320       12
 6 17 1996 1331       13
 6 17 1996 1457       14
 6 17 1996 1458       15
 6 17 1996 1459       16
 6 17 1996 1459       17
 6 17 1996 1501       18
 6 17 1996 1503       19
 6 17 1996 1506       20
 6 17 1996 1509       21
 6 17 1996 1512       22
 6 17 1996 1516       23
 6 17 1996 1519       24
 6 17 1996 1522       25
 6 17 1996 1524       26
 6 17 1996 1533       27
 6 17 1996 1604       28
 6 17 1996 1607       29
 6 17 1996 1611       30
 6 17 1996 1800       31
 6 17 1996 1844       32
 6 17 1996 1847       33
 6 17 1996 1850       34
 6 17 1996 1856       35
 6 17 1996 1923       36
 6 17 1996 2026       37
 6 17 1996 2102       38
 6 17 1996 2105       39
 6 17 1996 2106       40
 6 17 1996 2110       41
 6 17 1996 2110       42
 6 17 1996 2111       43
 6 17 1996 2112       44
 6 17 1996 2113       45
 6 17 1996 2113       46
 6 17 1996 2117       47
 6 17 1996 2309       48
 6 17 1996 2319       49
 6 18 1996   16       50
 6 23 1996  148       51
 6 23 1996  201       52
 6 23 1996  209       53
 6 23 1996  223       54
 6 23 1996  233       55
 6 23 1996  243       56
 6 23 1996  248       57
 6 23 1996  254       58
 6 23 1996  259       59
 6 23 1996  305       60
 6 23 1996  312       61
 6 23 1996  331       62
 6 23 1996  343       63
 6 23 1996  408       64
 6 23 1996  427       65
 6 23 1996  442       66
 6 23 1996  453       67
 6 23 1996  506       68
 6 23 1996  520       69
 6 23 1996  710       70
 6 23 1996  749       71
 6 23 1996  952       72
 6 23 1996 1143       73
 6 23 1996 1153       74
 6 23 1996 1208       75
 6 23 1996 1210       76
 6 23 1996 1211       77
 6 23 1996 1317       78
 6 23 1996 1327       79
 6 23 1996 1522       80
 6 23 1996 1532       81
 6 23 1996 1622       82
 6 23 1996 1642       83
 6 23 1996 1710       84
 6 23 1996 1718       85
 6 23 1996 1720       86
 6 23 1996 1723       87
 6 23 1996 1726       88
 6 23 1996 1734       89
 6 23 1996 1759       90
 6 23 1996 1802       91
 6 23 1996 1805       92
 6 23 1996 1807       93
 6 23 1996 1810       94
 6 23 1996 1812       95
 6 23 1996 1814       96
 6 23 1996 1816       97
 6 23 1996 1819       98
 6 23 1996 1823       99
 6 23 1996 1830      100
 6 23 1996 2241      101
 6 23 1996 2348      102
 6 24 1996    0      103
 6 24 1996   11      104
 6 24 1996   18      105
 6 24 1996   24      106
 6 24 1996   28      107
 6 24 1996   33      108
 6 24 1996   37      109
 6 24 1996   46      110
 6 24 1996   58      111
 6 24 1996  121      112
 6 24 1996  213      113
 6 24 1996  239      114
 6 24 1996  313      115
 6 24 1996  350      116
 6 24 1996  544      117
 6 24 1996 1059      118
 6 24 1996 1100      119
 6 24 1996 1102      120
 6 24 1996 1110      121
 6 24 1996 1127      122
 6 24 1996 1310      123
 6 25 1996 1712      124
 6 25 1996 1712      125
 6 25 1996 1712      126
 6 27 1996 1814      127
 6 27 1996 1847      128
 6 27 1996 1849      129
 6 27 1996 1851      130
 6 27 1996 1854      131
 6 27 1996 1858      132
 6 27 1996 1900      133
 6 27 1996 1903      134
 6 27 1996 1907      135
 6 27 1996 1923      136
 6 27 1996 1924      137
 6 27 1996 1926      138
 6 27 1996 1928      139
 6 27 1996 1930      140
 6 27 1996 1931      141
 6 27 1996 1932      142
 6 27 1996 1933      143
 6 27 1996 1933      144
 6 27 1996 1934      145
 6 27 1996 1934      146
 6 27 1996 1934      147
 6 27 1996 1935      148
 6 27 1996 1935      149
 6 27 1996 1936      150
 6 27 1996 1937      151
 6 27 1996 1940      152
 6 27 1996 1943      153
 6 27 1996 1947      154
 6 27 1996 1948      155
 6 27 1996 1949      156
 6 27 1996 1951      157
 6 27 1996 1951      158
 6 27 1996 1952      159
 6 27 1996 1956      160
 6 27 1996 2247      161
 6 28 1996  718      162
 7  3 1996 1706      163
 7  3 1996 1727      164
 7  3 1996 1743      165
 7  3 1996 1754      166
 7  3 1996 2100      167
 7  3 1996 2113      168
 7  3 1996 2137      169
 7  3 1996 2200      170
 7  3 1996 2206      171
 7  3 1996 2209      172
 7  3 1996 2234      173
 7  3 1996 2356      174
 7  4 1996    8      175
 7  4 1996 2017      176
 7 17 1996 1304      177
 7 17 1996 1826      178
 7 17 1996 1829      179
 7 17 1996 1830      180
 7 17 1996 1830      181
 7 17 1996 1831      182
 7 17 1996 1832      183
 7 17 1996 1833      184
 7 17 1996 1835      185
 7 17 1996 1839      186
 7 17 1996 1842      187
 7 17 1996 1845      188
 7 17 1996 1850      189
 7 17 1996 1858      190
 7 17 1996 1901      191
 7 17 1996 1905      192
 7 17 1996 1910      193
 7 17 1996 1913      194
 7 17 1996 1916      195
 7 17 1996 1920      196
 7 17 1996 1922      197
 7 17 1996 1924      198
 7 17 1996 1926      199
 7 18 1996   14      200
 7 18 1996  703      201
 7 18 1996  828      202
 7 18 1996  835      203
 7 18 1996  839      204
 7 18 1996  845      205
 7 18 1996  853      206
 7 18 1996  904      207
 7 18 1996  913      208
 7 18 1996  930      209
 7 18 1996  939      210
 7 18 1996  945      211
 7 18 1996  948      212
 7 18 1996  953      213
 7 18 1996 1002      214
 7 18 1996 1005      215
 7 18 1996 1008      216
 7 18 1996 1010      217
 7 18 1996 1013      218
 7 18 1996 1017      219
 7 18 1996 1022      220
 7 18 1996 1027      221
 7 18 1996 1031      222
 7 18 1996 1035      223
 7 18 1996 1038      224
 7 18 1996 1040      225
 7 18 1996 1044      226
 7 18 1996 1046      227
 7 18 1996 1048      228
 7 18 1996 1050      229
 7 18 1996 1054      230
 7 18 1996 1056      231
 7 18 1996 1057      232
 7 18 1996 1059      233
 7 18 1996 1101      234
 7 18 1996 1105      235
 7 18 1996 1138      236
 7 18 1996 1146      237
 7 18 1996 1155      238
 7 18 1996 1209      239
 7 18 1996 1233      240
 7 18 1996 1810      241
 7 18 1996 1814      242
 7 18 1996 1814      243
 7 18 1996 1816      244
 7 18 1996 1817      245
 7 18 1996 1822      246
 7 18 1996 1823      247
 7 18 1996 1823      248
 7 18 1996 1823      249
 7 18 1996 1824      250
 7 18 1996 1824      251
 7 18 1996 1824      252
 7 18 1996 1825      253
 7 18 1996 1825      254
 7 18 1996 1825      255
 7 18 1996 1833      256
 7 18 1996 1837      257
 7 18 1996 1918      258
 7 18 1996 1941      259
 7 18 1996 1943      260
 7 18 1996 1946      261
 7 18 1996 1949      262
 7 18 1996 1951      263
 7 18 1996 1954      264
 7 18 1996 1956      265
 7 18 1996 2001      266
 7 18 1996 2004      267
 7 18 1996 2009      268
 7 18 1996 2021      269
 7 18 1996 2107      270
 7 18 1996 2138      271
 7 18 1996 2225      272
 7 18 1996 2323      273
 7 19 1996  129      274
 7 19 1996  211      275
 7 19 1996  217      276
 7 19 1996  231      277
 7 19 1996  252      278
 7 19 1996  258      279
 7 19 1996  503      280
 7 20 1996  241      281
 7 20 1996  445      282
 7 20 1996  650      283
 8  2 1996  115      284
 8  2 1996  225      285
 8  2 1996  601      286
 8  2 1996  604      287
 8  2 1996  607      288
 8  2 1996  614      289
 8  2 1996  712      290
 8  2 1996  722      291
 8  2 1996  731      292
 8  3 1996 1931      293
 8  4 1996 1504      294
 8  4 1996 1520      295
 8  4 1996 1522      296
 8  4 1996 1534      297
 8  4 1996 1818      298
 8  4 1996 1821      299
