"PDE20197.DAT"
"DP-101  : Tipping bucket rain gage recorder"
"Processed file"
"File creation date   : 1997/02/05 at 15:53:24"
"By                   : Gary"
"Start date           : 01-08-97-14:40"
"Interval             : N/A"
"Preset factor        : 01"
"Calibration factors: sensor 1 : 1  sensor 2 : 1"
"Location : LAKE LAWRENCE   "
"Note : "

"MT" "DY" "YR" "HHMM" "TOTAL   "

 1  8 1997 1442        1
 1  8 1997 1944        2
 1  8 1997 2013        3
 1  8 1997 2030        4
 1  8 1997 2051        5
 1  8 1997 2103        6
 1  8 1997 2212        7
 1  8 1997 2309        8
 1  9 1997    9        9
 1  9 1997  104       10
 1  9 1997  229       11
 1  9 1997  551       12
 1  9 1997 1819       13
 1  9 1997 2037       14
 1  9 1997 2210       15
 1 10 1997   33       16
 1 10 1997  318       17
 1 10 1997  357       18
 1 10 1997  555       19
 1 10 1997  723       20
 1 10 1997  821       21
 1 10 1997  901       22
 1 10 1997 1843       23
 1 13 1997 1234       24
 1 14 1997 1124       25
 1 15 1997 1133       26
 1 16 1997 1147       27
 1 16 1997 1240       28
 1 16 1997 1333       29
 1 16 1997 1516       30
 1 16 1997 1537       31
 1 16 1997 1552       32
 1 16 1997 1604       33
 1 16 1997 1611       34
 1 16 1997 1618       35
 1 16 1997 1623       36
 1 16 1997 1629       37
 1 16 1997 1636       38
 1 16 1997 1644       39
 1 16 1997 1651       40
 1 16 1997 1658       41
 1 16 1997 1707       42
 1 16 1997 1720       43
 1 16 1997 1729       44
 1 16 1997 1735       45
 1 16 1997 1752       46
 1 16 1997 1803       47
 1 16 1997 1812       48
 1 16 1997 1823       49
 1 16 1997 1842       50
 1 16 1997 1939       51
 1 16 1997 1950       52
 1 16 1997 1958       53
 1 16 1997 2003       54
 1 16 1997 2009       55
 1 16 1997 2012       56
 1 16 1997 2018       57
 1 16 1997 2026       58
 1 16 1997 2035       59
 1 16 1997 2053       60
 1 16 1997 2138       61
 1 16 1997 2244       62
 1 17 1997   58       63
 1 17 1997  135       64
 1 17 1997  148       65
 1 17 1997  200       66
 1 17 1997  210       67
 1 17 1997  219       68
 1 17 1997  229       69
 1 17 1997  240       70
 1 17 1997  251       71
 1 17 1997  306       72
 1 17 1997  317       73
 1 17 1997  330       74
 1 17 1997  344       75
 1 17 1997  405       76
 1 17 1997  530       77
 1 17 1997  558       78
 1 17 1997  610       79
 1 17 1997  624       80
 1 17 1997  643       81
 1 17 1997  656       82
 1 17 1997  707       83
 1 17 1997  748       84
 1 17 1997  946       85
 1 17 1997  958       86
 1 17 1997 1014       87
 1 17 1997 1030       88
 1 17 1997 1038       89
 1 17 1997 1048       90
 1 17 1997 1054       91
 1 17 1997 1102       92
 1 17 1997 1109       93
 1 17 1997 1116       94
 1 17 1997 1125       95
 1 17 1997 1147       96
 1 17 1997 1157       97
 1 17 1997 1205       98
 1 17 1997 1213       99
 1 17 1997 1219      100
 1 17 1997 1245      101
 1 17 1997 1304      102
 1 17 1997 1319      103
 1 17 1997 1332      104
 1 17 1997 1338      105
 1 17 1997 1341      106
 1 17 1997 1344      107
 1 17 1997 1347      108
 1 17 1997 1352      109
 1 17 1997 1358      110
 1 17 1997 1402      111
 1 17 1997 1406      112
 1 17 1997 1409      113
 1 17 1997 1411      114
 1 17 1997 1414      115
 1 17 1997 1417      116
 1 17 1997 1421      117
 1 17 1997 1426      118
 1 17 1997 1433      119
 1 17 1997 1447      120
 1 17 1997 1520      121
 1 17 1997 1527      122
 1 17 1997 1537      123
 1 17 1997 1608      124
 1 17 1997 1619      125
 1 17 1997 1625      126
 1 17 1997 1631      127
 1 17 1997 1710      128
 1 17 1997 1820      129
 1 17 1997 1921      130
 1 17 1997 1949      131
 1 17 1997 2006      132
 1 17 1997 2017      133
 1 17 1997 2028      134
 1 17 1997 2109      135
 1 17 1997 2212      136
 1 17 1997 2228      137
 1 17 1997 2308      138
 1 18 1997  206      139
 1 18 1997  300      140
 1 18 1997  315      141
 1 18 1997  326      142
 1 18 1997  333      143
 1 18 1997  339      144
 1 18 1997  346      145
 1 18 1997  355      146
 1 18 1997  407      147
 1 18 1997  422      148
 1 18 1997  432      149
 1 18 1997  438      150
 1 18 1997  442      151
 1 18 1997  446      152
 1 18 1997  450      153
 1 18 1997  454      154
 1 18 1997  458      155
 1 18 1997  503      156
 1 18 1997  508      157
 1 18 1997  514      158
 1 18 1997  519      159
 1 18 1997  524      160
 1 18 1997  528      161
 1 18 1997  532      162
 1 18 1997  536      163
 1 18 1997  541      164
 1 18 1997  545      165
 1 18 1997  552      166
 1 18 1997  603      167
 1 18 1997  618      168
 1 18 1997  632      169
 1 18 1997  641      170
 1 18 1997  903      171
 1 19 1997  325      172
 1 19 1997 1828      173
 1 19 1997 1852      174
 1 19 1997 1912      175
 1 19 1997 1945      176
 1 19 1997 2047      177
 1 19 1997 2204      178
 1 19 1997 2243      179
 1 19 1997 2301      180
 1 19 1997 2318      181
 1 19 1997 2332      182
 1 19 1997 2350      183
 1 20 1997    3      184
 1 20 1997   14      185
 1 20 1997   31      186
 1 20 1997  153      187
 1 20 1997  207      188
 1 20 1997  216      189
 1 20 1997  222      190
 1 20 1997  230      191
 1 20 1997  239      192
 1 20 1997  250      193
 1 20 1997  256      194
 1 20 1997  303      195
 1 20 1997  310      196
 1 20 1997  318      197
 1 20 1997  326      198
 1 20 1997  333      199
 1 20 1997  340      200
 1 20 1997  349      201
 1 20 1997  356      202
 1 20 1997  404      203
 1 20 1997  414      204
 1 20 1997  431      205
 1 20 1997  448      206
 1 20 1997  503      207
 1 20 1997  520      208
 1 20 1997  547      209
 1 20 1997  612      210
 1 20 1997  642      211
 1 20 1997  711      212
 1 20 1997  742      213
 1 20 1997  758      214
 1 20 1997  815      215
 1 20 1997  831      216
 1 20 1997  851      217
 1 20 1997  909      218
 1 20 1997  928      219
 1 20 1997  947      220
 1 20 1997 1123      221
 1 20 1997 1200      222
 1 20 1997 1253      223
 1 20 1997 1405      224
 1 20 1997 1453      225
 1 20 1997 2210      226
 1 21 1997 1304      227
 1 21 1997 1719      228
 1 21 1997 2047      229
 1 21 1997 2053      230
 1 21 1997 2104      231
 1 21 1997 2112      232
 1 22 1997  718      233
 1 22 1997 2154      234
 1 22 1997 2244      235
 1 22 1997 2249      236
 1 22 1997 2252      237
 1 22 1997 2255      238
 1 22 1997 2301      239
 1 22 1997 2340      240
 1 23 1997  304      241
 1 23 1997  339      242
 1 23 1997  347      243
 1 23 1997  351      244
 1 23 1997  355      245
 1 23 1997  357      246
 1 23 1997  400      247
 1 23 1997  404      248
 1 23 1997  526      249
 1 23 1997  535      250
 1 23 1997  538      251
 1 23 1997  541      252
 1 23 1997  545      253
 1 23 1997  546      254
 1 23 1997  549      255
 1 23 1997  553      256
 1 23 1997  555      257
 1 23 1997  557      258
 1 23 1997  559      259
 1 23 1997  602      260
 1 23 1997  655      261
 1 23 1997 1100      262
 1 23 1997 1102      263
 1 23 1997 1106      264
 1 23 1997 1117      265
 1 23 1997 1123      266
 1 23 1997 1204      267
 1 23 1997 1309      268
 1 23 1997 1313      269
 1 23 1997 1410      270
 1 23 1997 1414      271
 1 23 1997 1416      272
 1 23 1997 1421      273
 1 23 1997 1700      274
 1 23 1997 1709      275
 1 23 1997 1805      276
 1 23 1997 1819      277
 1 23 1997 2055      278
 1 23 1997 2101      279
 1 23 1997 2104      280
 1 23 1997 2233      281
 1 23 1997 2335      282
 1 24 1997    7      283
 1 24 1997   13      284
 1 24 1997   18      285
 1 24 1997   21      286
 1 24 1997  243      287
 1 24 1997  625      288
 1 24 1997 1451      289
 1 27 1997 1603      290
 1 27 1997 1632      291
 1 27 1997 1654      292
 1 27 1997 1721      293
 1 27 1997 1738      294
 1 27 1997 1750      295
 1 27 1997 1758      296
 1 27 1997 1806      297
 1 27 1997 1812      298
 1 27 1997 1822      299
 1 27 1997 1829      300
 1 27 1997 1836      301
 1 27 1997 1846      302
 1 27 1997 1856      303
 1 27 1997 1909      304
 1 27 1997 1934      305
 1 27 1997 2001      306
 1 27 1997 2016      307
 1 27 1997 2057      308
 1 27 1997 2157      309
 1 28 1997  428      310
 1 29 1997  725      311
 1 29 1997 1834      312
 1 29 1997 1847      313
 1 29 1997 1902      314
 1 29 1997 1915      315
 1 29 1997 1918      316
 1 29 1997 1924      317
 1 29 1997 1930      318
 1 29 1997 1940      319
 1 29 1997 1949      320
 1 29 1997 1958      321
 1 29 1997 2006      322
 1 29 1997 2015      323
 1 29 1997 2023      324
 1 29 1997 2033      325
 1 29 1997 2048      326
 1 29 1997 2110      327
 1 29 1997 2124      328
 1 29 1997 2135      329
 1 29 1997 2142      330
 1 29 1997 2147      331
 1 29 1997 2148      332
 1 29 1997 2149      333
 1 29 1997 2150      334
 1 29 1997 2157      335
 1 29 1997 2208      336
 1 29 1997 2237      337
 1 29 1997 2258      338
 1 29 1997 2310      339
 1 29 1997 2323      340
 1 29 1997 2352      341
 1 30 1997   14      342
 1 30 1997  222      343
 1 30 1997  327      344
 1 30 1997  335      345
 1 30 1997  338      346
 1 30 1997  341      347
 1 30 1997  343      348
 1 30 1997  345      349
 1 30 1997  347      350
 1 30 1997  350      351
 1 30 1997  352      352
 1 30 1997  354      353
 1 30 1997  356      354
 1 30 1997  359      355
 1 30 1997  402      356
 1 30 1997  404      357
 1 30 1997  406      358
 1 30 1997  409      359
 1 30 1997  411      360
 1 30 1997  413      361
 1 30 1997  415      362
 1 30 1997  417      363
 1 30 1997  419      364
 1 30 1997  421      365
 1 30 1997  423      366
 1 30 1997  425      367
 1 30 1997  429      368
 1 30 1997  431      369
 1 30 1997  435      370
 1 30 1997  441      371
 1 30 1997  445      372
 1 30 1997  450      373
 1 30 1997  453      374
 1 30 1997  455      375
 1 30 1997  457      376
 1 30 1997  500      377
 1 30 1997  502      378
 1 30 1997  504      379
 1 30 1997  506      380
 1 30 1997  508      381
 1 30 1997  510      382
 1 30 1997  512      383
 1 30 1997  514      384
 1 30 1997  516      385
 1 30 1997  518      386
 1 30 1997  520      387
 1 30 1997  522      388
 1 30 1997  526      389
 1 30 1997  529      390
 1 30 1997  534      391
 1 30 1997  545      392
 1 30 1997 2220      393
 1 30 1997 2244      394
 1 30 1997 2304      395
 1 30 1997 2316      396
 1 30 1997 2326      397
 1 30 1997 2337      398
 1 30 1997 2344      399
 1 30 1997 2350      400
 1 31 1997    0      401
 1 31 1997   14      402
 1 31 1997   27      403
 1 31 1997   44      404
 1 31 1997   58      405
 1 31 1997  107      406
 1 31 1997  116      407
 1 31 1997  124      408
 1 31 1997  134      409
 1 31 1997  141      410
 1 31 1997  149      411
 1 31 1997  155      412
 1 31 1997  202      413
 1 31 1997  213      414
 1 31 1997  224      415
 1 31 1997  234      416
 1 31 1997  241      417
 1 31 1997  247      418
 1 31 1997  257      419
 1 31 1997  303      420
 1 31 1997  309      421
 1 31 1997  314      422
 1 31 1997  319      423
 1 31 1997  326      424
 1 31 1997  331      425
 1 31 1997  335      426
 1 31 1997  339      427
 1 31 1997  343      428
 1 31 1997  353      429
 1 31 1997  404      430
 1 31 1997 1520      431
 1 31 1997 1534      432
 1 31 1997 1551      433
 1 31 1997 1618      434
 1 31 1997 1643      435
 1 31 1997 1656      436
 1 31 1997 1710      437
 1 31 1997 1731      438
 1 31 1997 1740      439
 1 31 1997 1746      440
 1 31 1997 1750      441
 1 31 1997 1754      442
 1 31 1997 1756      443
 1 31 1997 1758      444
 1 31 1997 1801      445
 1 31 1997 1803      446
 1 31 1997 1805      447
 1 31 1997 1808      448
 1 31 1997 1810      449
 1 31 1997 1811      450
 1 31 1997 1813      451
 1 31 1997 1815      452
 1 31 1997 1817      453
 1 31 1997 1819      454
 1 31 1997 1823      455
 1 31 1997 1826      456
 1 31 1997 1829      457
 1 31 1997 1831      458
 1 31 1997 1834      459
 1 31 1997 1837      460
 1 31 1997 1839      461
 1 31 1997 1845      462
 1 31 1997 1853      463
 1 31 1997 1904      464
 1 31 1997 1909      465
 1 31 1997 1912      466
 1 31 1997 1916      467
 1 31 1997 1921      468
 1 31 1997 1927      469
 1 31 1997 1936      470
 1 31 1997 1941      471
 1 31 1997 1948      472
 1 31 1997 1957      473
 1 31 1997 2002      474
 1 31 1997 2009      475
 1 31 1997 2015      476
 1 31 1997 2022      477
 1 31 1997 2027      478
 1 31 1997 2036      479
 1 31 1997 2103      480
 1 31 1997 2305      481
 1 31 1997 2337      482
 2  1 1997  314      483
 2  1 1997  517      484
 2  1 1997  527      485
 2  1 1997 1045      486
 2  1 1997 1213      487
 2  1 1997 1230      488
 2  1 1997 1259      489
 2  1 1997 1342      490
 2  1 1997 1359      491
 2  1 1997 1405      492
 2  1 1997 1502      493
 2  1 1997 1615      494
 2  1 1997 1618      495
 2  1 1997 1622      496
 2  1 1997 1624      497
 2  1 1997 1627      498
 2  1 1997 1629      499
 2  1 1997 1632      500
 2  1 1997 1634      501
 2  1 1997 1636      502
 2  1 1997 1638      503
 2  1 1997 1640      504
 2  1 1997 1643      505
 2  1 1997 1647      506
 2  1 1997 1653      507
 2  1 1997 1700      508
 2  1 1997 1711      509
 2  1 1997 1719      510
 2  1 1997 1731      511
 2  1 1997 1748      512
 2  1 1997 1843      513
 2  1 1997 2320      514
 2  2 1997  753      515
 2  4 1997 1046      516
