"pde21293.dat"
"DP-101  : Tipping bucket rain gage recorder"
"Processed file"
"File creation date   : 1994/01/14 at 09:31:31"
"By                   : John "
"Start date           : 12-09-93-13:36"
"Interval             : N/A"
"Preset factor        : 01"
"Calibration factors: sensor 1 : 1  sensor 2 : 1"
"Location : Lake Lawrence"
"Note : On 12-27-2016 Nat Kale replaced all YR values below row 252 with 1994"

"MT" "DY" "YR" "HHMM" "TOTAL   "

12  9 1993 1338        1
12  9 1993 1343        2
12  9 1993 1347        3
12  9 1993 1352        4
12  9 1993 1354        5
12  9 1993 1356        6
12  9 1993 1358        7
12  9 1993 1400        8
12  9 1993 1405        9
12  9 1993 1410       10
12  9 1993 1415       11
12  9 1993 1431       12
12  9 1993 1559       13
12  9 1993 1611       14
12  9 1993 1628       15
12  9 1993 1653       16
12  9 1993 1753       17
12  9 1993 1802       18
12  9 1993 1807       19
12  9 1993 1810       20
12  9 1993 1811       21
12  9 1993 1812       22
12  9 1993 1815       23
12  9 1993 1817       24
12  9 1993 1821       25
12  9 1993 1830       26
12  9 1993 1837       27
12  9 1993 1838       28
12  9 1993 1841       29
12  9 1993 1845       30
12  9 1993 1850       31
12  9 1993 1853       32
12  9 1993 1854       33
12  9 1993 1856       34
12  9 1993 1858       35
12  9 1993 1900       36
12  9 1993 1915       37
12  9 1993 1933       38
12  9 1993 1937       39
12  9 1993 1940       40
12  9 1993 1947       41
12  9 1993 1953       42
12  9 1993 2006       43
12  9 1993 2112       44
12 10 1993  437       45
12 10 1993  502       46
12 10 1993  508       47
12 10 1993  510       48
12 10 1993  514       49
12 10 1993  519       50
12 10 1993  523       51
12 10 1993  526       52
12 10 1993  530       53
12 10 1993  534       54
12 10 1993  538       55
12 10 1993  541       56
12 10 1993  545       57
12 10 1993  549       58
12 10 1993  552       59
12 10 1993  554       60
12 10 1993  557       61
12 10 1993  601       62
12 10 1993  605       63
12 10 1993  607       64
12 10 1993  608       65
12 10 1993  610       66
12 10 1993  611       67
12 10 1993  612       68
12 10 1993  614       69
12 10 1993  615       70
12 10 1993  617       71
12 10 1993  618       72
12 10 1993  619       73
12 10 1993  620       74
12 10 1993  622       75
12 10 1993  624       76
12 10 1993  626       77
12 10 1993  629       78
12 10 1993  633       79
12 10 1993  635       80
12 10 1993  637       81
12 10 1993  639       82
12 10 1993  642       83
12 10 1993  646       84
12 10 1993  648       85
12 10 1993  652       86
12 10 1993  655       87
12 10 1993  657       88
12 10 1993  659       89
12 10 1993  701       90
12 10 1993  703       91
12 10 1993  705       92
12 10 1993  708       93
12 10 1993  710       94
12 10 1993  713       95
12 10 1993  715       96
12 10 1993  718       97
12 10 1993  720       98
12 10 1993  722       99
12 10 1993  725      100
12 10 1993  729      101
12 10 1993  733      102
12 10 1993  738      103
12 10 1993  744      104
12 10 1993  749      105
12 10 1993  752      106
12 10 1993  759      107
12 10 1993  805      108
12 10 1993  812      109
12 10 1993  921      110
12 10 1993 1216      111
12 10 1993 1245      112
12 10 1993 1255      113
12 10 1993 1301      114
12 10 1993 1637      115
12 10 1993 1809      116
12 10 1993 1830      117
12 10 1993 1841      118
12 10 1993 1852      119
12 10 1993 1906      120
12 10 1993 1915      121
12 10 1993 1923      122
12 10 1993 1934      123
12 10 1993 1942      124
12 10 1993 1950      125
12 10 1993 2000      126
12 10 1993 2013      127
12 10 1993 2026      128
12 10 1993 2157      129
12 11 1993  113      130
12 11 1993  429      131
12 11 1993  549      132
12 11 1993  707      133
12 11 1993 1032      134
12 11 1993 1527      135
12 11 1993 1826      136
12 11 1993 2013      137
12 12 1993  535      138
12 12 1993 1706      139
12 12 1993 1716      140
12 12 1993 1738      141
12 12 1993 1800      142
12 12 1993 1826      143
12 12 1993 1909      144
12 12 1993 2043      145
12 12 1993 2105      146
12 13 1993 1511      147
12 13 1993 1616      148
12 13 1993 1650      149
12 13 1993 1833      150
12 13 1993 1855      151
12 13 1993 1920      152
12 13 1993 1934      153
12 13 1993 1943      154
12 13 1993 1951      155
12 13 1993 2002      156
12 13 1993 2028      157
12 13 1993 2046      158
12 13 1993 2146      159
12 13 1993 2216      160
12 13 1993 2240      161
12 13 1993 2259      162
12 14 1993    7      163
12 14 1993  901      164
12 14 1993 1232      165
12 14 1993 1348      166
12 14 1993 1357      167
12 14 1993 1405      168
12 14 1993 1550      169
12 15 1993  115      170
12 15 1993  413      171
12 15 1993  421      172
12 15 1993  429      173
12 15 1993  440      174
12 15 1993  458      175
12 15 1993  505      176
12 15 1993  528      177
12 16 1993 1233      178
12 19 1993 1119      179
12 20 1993 1229      180
12 24 1993 1131      181
12 26 1993 1011      182
12 29 1993  215      183
12 30 1993  412      184
12 30 1993  642      185
12 30 1993  657      186
12 30 1993  719      187
12 30 1993 1015      188
12 30 1993 1046      189
12 30 1993 1126      190
12 30 1993 1244      191
12 30 1993 1308      192
12 30 1993 1349      193
12 30 1993 1403      194
12 30 1993 1439      195
12 30 1993 1622      196
12 30 1993 1656      197
12 30 1993 1722      198
12 30 1993 1745      199
12 30 1993 1805      200
12 30 1993 2345      201
12 31 1993 1541      202
12 31 1993 1615      203
12 31 1993 1637      204
12 31 1993 1655      205
12 31 1993 1708      206
12 31 1993 1724      207
12 31 1993 1730      208
12 31 1993 1741      209
12 31 1993 1755      210
12 31 1993 1815      211
12 31 1993 1845      212
12 31 1993 1914      213
12 31 1993 1942      214
12 31 1993 2004      215
12 31 1993 2011      216
12 31 1993 2021      217
12 31 1993 2034      218
12 31 1993 2041      219
12 31 1993 2051      220
12 31 1993 2103      221
12 31 1993 2115      222
12 31 1993 2120      223
12 31 1993 2124      224
12 31 1993 2131      225
12 31 1993 2143      226
12 31 1993 2152      227
12 31 1993 2212      228
12 31 1993 2225      229
12 31 1993 2234      230
12 31 1993 2249      231
12 31 1993 2302      232
12 31 1993 2314      233
12 31 1993 2320      234
12 31 1993 2327      235
12 31 1993 2333      236
12 31 1993 2341      237
12 31 1993 2348      238
12 31 1993 2358      239
 1  1 1994   12      240
 1  1 1994   22      241
 1  1 1994   28      242
 1  1 1994   34      243
 1  1 1994   38      244
 1  1 1994   44      245
 1  1 1994   54      246
 1  1 1994   59      247
 1  1 1994  105      248
 1  1 1994  111      249
 1  1 1994  116      250
 1  1 1994  122      251
 1  1 1994  128      252
 1  1 1994  133      253
 1  1 1994  136      254
 1  1 1994  141      255
 1  1 1994  145      256
 1  1 1994  148      257
 1  1 1994  150      258
 1  1 1994  153      259
 1  1 1994  155      260
 1  1 1994  157      261
 1  1 1994  159      262
 1  1 1994  202      263
 1  1 1994  204      264
 1  1 1994  207      265
 1  1 1994  211      266
 1  1 1994  215      267
 1  1 1994  218      268
 1  1 1994  224      269
 1  1 1994  228      270
 1  1 1994  232      271
 1  1 1994  235      272
 1  1 1994  239      273
 1  1 1994  241      274
 1  1 1994  243      275
 1  1 1994  244      276
 1  1 1994  246      277
 1  1 1994  248      278
 1  1 1994  250      279
 1  1 1994  251      280
 1  1 1994  253      281
 1  1 1994  254      282
 1  1 1994  256      283
 1  1 1994  258      284
 1  1 1994  300      285
 1  1 1994  301      286
 1  1 1994  303      287
 1  1 1994  305      288
 1  1 1994  307      289
 1  1 1994  308      290
 1  1 1994  311      291
 1  1 1994  313      292
 1  1 1994  317      293
 1  1 1994  323      294
 1  1 1994  342      295
 1  1 1994  736      296
 1  2 1994  604      297
 1  2 1994  620      298
 1  2 1994  630      299
 1  2 1994  638      300
 1  2 1994  644      301
 1  2 1994  650      302
 1  2 1994  706      303
 1  2 1994  720      304
 1  2 1994  726      305
 1  2 1994  729      306
 1  2 1994  800      307
 1  2 1994  836      308
 1  2 1994 1312      309
 1  2 1994 1323      310
 1  2 1994 1408      311
 1  3 1994  829      312
 1  3 1994 1007      313
 1  3 1994 1050      314
 1  3 1994 1113      315
 1  3 1994 1122      316
 1  3 1994 1132      317
 1  3 1994 1139      318
 1  3 1994 1149      319
 1  3 1994 1159      320
 1  3 1994 1210      321
 1  3 1994 1220      322
 1  3 1994 1230      323
 1  3 1994 1238      324
 1  3 1994 1253      325
 1  3 1994 1321      326
 1  3 1994 1338      327
 1  3 1994 1359      328
 1  3 1994 1407      329
 1  3 1994 1416      330
 1  3 1994 2052      331
 1  3 1994 2257      332
 1  3 1994 2345      333
 1  4 1994  349      334
 1  4 1994  521      335
 1  4 1994  530      336
 1  4 1994  545      337
 1  4 1994  622      338
 1  4 1994  650      339
 1  4 1994  813      340
 1  4 1994  819      341
 1  4 1994  826      342
 1  4 1994  841      343
 1  4 1994  846      344
 1  4 1994  858      345
 1  4 1994  902      346
 1  4 1994  906      347
 1  4 1994  929      348
 1  4 1994  948      349
 1  4 1994  953      350
 1  4 1994 1001      351
 1  4 1994 1009      352
 1  4 1994 1158      353
 1  4 1994 1220      354
 1  4 1994 1416      355
 1  4 1994 1430      356
 1  4 1994 1436      357
 1  4 1994 1441      358
 1  4 1994 1443      359
 1  4 1994 1453      360
 1  4 1994 1544      361
 1  4 1994 1547      362
 1  4 1994 1549      363
 1  4 1994 1551      364
 1  4 1994 1553      365
 1  4 1994 1557      366
 1  4 1994 1605      367
 1  4 1994 1807      368
 1  4 1994 1834      369
 1  4 1994 1843      370
 1  4 1994 1853      371
 1  4 1994 1915      372
 1  4 1994 1948      373
 1  4 1994 1954      374
 1  4 1994 2000      375
 1  4 1994 2004      376
 1  4 1994 2009      377
 1  4 1994 2019      378
 1  4 1994 2028      379
 1  4 1994 2036      380
 1  4 1994 2047      381
 1  4 1994 2108      382
 1  4 1994 2208      383
 1  4 1994 2231      384
 1  5 1994   34      385
 1  5 1994  108      386
 1  5 1994  123      387
 1  5 1994  139      388
 1  5 1994  146      389
 1  5 1994  152      390
 1  5 1994  157      391
 1  5 1994  203      392
 1  5 1994  210      393
 1  5 1994  214      394
 1  5 1994  221      395
 1  5 1994  227      396
 1  5 1994  233      397
 1  5 1994  237      398
 1  5 1994  249      399
 1  5 1994  251      400
 1  5 1994  254      401
 1  5 1994  256      402
 1  5 1994  259      403
 1  5 1994  301      404
 1  5 1994  305      405
 1  5 1994  309      406
 1  5 1994  312      407
 1  5 1994  324      408
 1  5 1994  406      409
 1  5 1994  619      410
 1  5 1994  657      411
 1  6 1994 1720      412
 1  6 1994 1753      413
 1  6 1994 1842      414
 1  6 1994 1907      415
 1  7 1994 1652      416
 1  7 1994 1751      417
 1  7 1994 1810      418
 1  7 1994 1929      419
 1  7 1994 2016      420
 1  7 1994 2323      421
 1  9 1994  142      422
 1  9 1994  246      423
 1  9 1994  308      424
