"pde21195.DAT"
"DP-101  : Tipping bucket rain gage recorder"
"Processed file"
"File creation date   : 1995/12/20 at 13:01:15"
"By                   : Cramer     "
"Start date           : 10-25-95-17:30"
"Interval             : N/A"
"Preset factor        : 01"
"Calibration factors: sensor 1 : 1  sensor 2 : 1"
"Location : Lake Lawrence @ Pleasant Beach Rd"
"Note : Ice in tipping bucket, pine needles in funnel, data pod wigging"

"MT" "DY" "YR" "HHMM" "TOTAL   "

10 25 1995 1734        1
10 25 1995 2027        2
10 25 1995 2038        3
10 25 1995 2111        4
10 25 1995 2126        5
10 25 1995 2203        6
10 25 1995 2303        7
10 26 1995  249        8
10 26 1995  607        9
10 26 1995  844       10
10 26 1995  849       11
10 26 1995  855       12
10 26 1995  859       13
10 31 1995 1105       14
11  4 1995 1710       15
11  4 1995 1726       16
11  4 1995 1750       17
11  4 1995 1757       18
11  4 1995 1803       19
11  4 1995 1811       20
11  4 1995 1818       21
11  4 1995 2240       22
11  4 1995 2312       23
11  4 1995 2315       24
11  4 1995 2318       25
11  4 1995 2319       26
11  5 1995  740       27
11  5 1995  750       28
11  5 1995 1322       29
11  5 1995 1527       30
11  5 1995 1543       31
11  5 1995 2147       32
11  6 1995 1721       33
11  6 1995 1736       34
11  6 1995 1748       35
11  6 1995 1803       36
11  6 1995 1818       37
11  6 1995 1833       38
11  6 1995 1852       39
11  6 1995 1914       40
11  6 1995 1935       41
11  6 1995 1944       42
11  6 1995 1958       43
11  6 1995 2010       44
11  6 1995 2016       45
11  6 1995 2021       46
11  6 1995 2027       47
11  6 1995 2031       48
11  6 1995 2035       49
11  6 1995 2039       50
11  6 1995 2044       51
11  6 1995 2047       52
11  6 1995 2053       53
11  6 1995 2058       54
11  6 1995 2103       55
11  6 1995 2108       56
11  6 1995 2115       57
11  6 1995 2122       58
11  6 1995 2128       59
11  6 1995 2133       60
11  6 1995 2141       61
11  6 1995 2149       62
11  6 1995 2157       63
11  6 1995 2207       64
11  6 1995 2213       65
11  6 1995 2217       66
11  6 1995 2223       67
11  6 1995 2226       68
11  6 1995 2234       69
11  6 1995 2238       70
11  6 1995 2242       71
11  6 1995 2249       72
11  6 1995 2300       73
11  6 1995 2306       74
11  6 1995 2311       75
11  6 1995 2316       76
11  6 1995 2323       77
11  6 1995 2327       78
11  6 1995 2332       79
11  6 1995 2336       80
11  6 1995 2341       81
11  6 1995 2344       82
11  6 1995 2349       83
11  6 1995 2353       84
11  6 1995 2358       85
11  7 1995    2       86
11  7 1995    6       87
11  7 1995    8       88
11  7 1995   11       89
11  7 1995   14       90
11  7 1995   17       91
11  7 1995   20       92
11  7 1995   23       93
11  7 1995   26       94
11  7 1995   30       95
11  7 1995   35       96
11  7 1995   37       97
11  7 1995   39       98
11  7 1995   42       99
11  7 1995   48      100
11  7 1995   52      101
11  7 1995   54      102
11  7 1995   57      103
11  7 1995  100      104
11  7 1995  104      105
11  7 1995  109      106
11  7 1995  121      107
11  7 1995  126      108
11  7 1995  130      109
11  7 1995  132      110
11  7 1995  134      111
11  7 1995  138      112
11  7 1995  141      113
11  7 1995  145      114
11  7 1995  149      115
11  7 1995  152      116
11  7 1995  156      117
11  7 1995  158      118
11  7 1995  201      119
11  7 1995  203      120
11  7 1995  205      121
11  7 1995  208      122
11  7 1995  211      123
11  7 1995  213      124
11  7 1995  215      125
11  7 1995  218      126
11  7 1995  221      127
11  7 1995  223      128
11  7 1995  227      129
11  7 1995  230      130
11  7 1995  233      131
11  7 1995  235      132
11  7 1995  237      133
11  7 1995  239      134
11  7 1995  242      135
11  7 1995  244      136
11  7 1995  246      137
11  7 1995  248      138
11  7 1995  250      139
11  7 1995  253      140
11  7 1995  256      141
11  7 1995  258      142
11  7 1995  300      143
11  7 1995  303      144
11  7 1995  307      145
11  7 1995  310      146
11  7 1995  312      147
11  7 1995  315      148
11  7 1995  317      149
11  7 1995  319      150
11  7 1995  321      151
11  7 1995  324      152
11  7 1995  326      153
11  7 1995  328      154
11  7 1995  331      155
11  7 1995  335      156
11  7 1995  338      157
11  7 1995  341      158
11  7 1995  345      159
11  7 1995  347      160
11  7 1995  351      161
11  7 1995  355      162
11  7 1995  359      163
11  7 1995  401      164
11  7 1995  405      165
11  7 1995  407      166
11  7 1995  411      167
11  7 1995  414      168
11  7 1995  418      169
11  7 1995  422      170
11  7 1995  426      171
11  7 1995  429      172
11  7 1995  433      173
11  7 1995  437      174
11  7 1995  440      175
11  7 1995  445      176
11  7 1995  452      177
11  7 1995  501      178
11  7 1995  512      179
11  7 1995  518      180
11  7 1995  527      181
11  7 1995  533      182
11  7 1995  539      183
11  7 1995  541      184
11  7 1995  554      185
11  7 1995  605      186
11  7 1995  615      187
11  7 1995  620      188
11  7 1995  625      189
11  7 1995  633      190
11  7 1995  645      191
11  7 1995  811      192
11  7 1995  918      193
11  7 1995  944      194
11  7 1995 1010      195
11  7 1995 1012      196
11  7 1995 1014      197
11  7 1995 1030      198
11  7 1995 1032      199
11  7 1995 1038      200
11  7 1995 1044      201
11  7 1995 1108      202
11  7 1995 1116      203
11  7 1995 1121      204
11  7 1995 1136      205
11  7 1995 1432      206
11  7 1995 1442      207
11  7 1995 1450      208
11  7 1995 1458      209
11  7 1995 1509      210
11  7 1995 1514      211
11  7 1995 1528      212
11  7 1995 1545      213
11  7 1995 1548      214
11  7 1995 1558      215
11  7 1995 1603      216
11  7 1995 1609      217
11  7 1995 1616      218
11  7 1995 1951      219
11  8 1995  115      220
11  8 1995  219      221
11  8 1995  239      222
11  8 1995  305      223
11  8 1995  348      224
11  8 1995  356      225
11  8 1995  400      226
11  8 1995  402      227
11  8 1995  405      228
11  8 1995  416      229
11  8 1995  500      230
11  8 1995  529      231
11  8 1995  536      232
11  8 1995  540      233
11  8 1995  544      234
11  8 1995  549      235
11  8 1995  552      236
11  8 1995  556      237
11  8 1995  603      238
11  8 1995  609      239
11  8 1995  613      240
11  8 1995  618      241
11  8 1995  625      242
11  8 1995  651      243
11  8 1995  655      244
11  8 1995  700      245
11  8 1995  706      246
11  8 1995  725      247
11  8 1995  732      248
11  8 1995  744      249
11  8 1995  748      250
11  8 1995  755      251
11  8 1995  800      252
11  8 1995  802      253
11  8 1995  803      254
11  8 1995  805      255
11  8 1995  807      256
11  8 1995  809      257
11  8 1995  812      258
11  8 1995  846      259
11  8 1995  849      260
11  8 1995  852      261
11  8 1995  853      262
11  8 1995  855      263
11  8 1995  859      264
11  8 1995  901      265
11  8 1995  904      266
11  8 1995  911      267
11  8 1995  924      268
11  8 1995  926      269
11  8 1995  929      270
11  8 1995  932      271
11  8 1995  936      272
11  8 1995  942      273
11  8 1995  944      274
11  8 1995  947      275
11  8 1995  952      276
11  8 1995 1001      277
11  8 1995 1003      278
11  8 1995 1005      279
11  8 1995 1006      280
11  8 1995 1008      281
11  8 1995 1010      282
11  8 1995 1011      283
11  8 1995 1014      284
11  8 1995 1018      285
11  8 1995 1022      286
11  8 1995 1031      287
11  8 1995 1036      288
11  8 1995 1046      289
11  8 1995 1048      290
11  8 1995 1050      291
11  8 1995 1051      292
11  8 1995 1056      293
11  8 1995 1058      294
11  8 1995 1100      295
11  8 1995 1102      296
11  8 1995 1105      297
11  8 1995 1109      298
11  8 1995 1112      299
11  8 1995 1114      300
11  8 1995 1119      301
11  8 1995 1144      302
11  8 1995 1207      303
11  8 1995 1216      304
11  8 1995 1221      305
11  8 1995 1233      306
11  8 1995 1258      307
11  8 1995 1258      308
11  8 1995 1301      309
11  8 1995 1301      310
11  8 1995 1302      311
11  8 1995 1303      312
11  8 1995 1304      313
11  8 1995 1306      314
11  8 1995 1307      315
11  8 1995 1308      316
11  8 1995 1309      317
11  8 1995 1311      318
11  8 1995 1314      319
11  8 1995 1317      320
11  8 1995 1320      321
11  8 1995 1322      322
11  8 1995 1324      323
11  8 1995 1327      324
11  8 1995 1333      325
11  8 1995 1345      326
11  8 1995 1355      327
11  8 1995 1410      328
11  8 1995 1414      329
11  8 1995 1653      330
11 10 1995 1331      331
11 10 1995 1425      332
11 10 1995 1439      333
11 10 1995 1450      334
11 10 1995 1531      335
11 10 1995 1558      336
11 10 1995 1602      337
11 10 1995 1604      338
11 10 1995 1607      339
11 10 1995 1613      340
11 10 1995 1625      341
11 10 1995 1627      342
11 10 1995 1632      343
11 10 1995 1637      344
11 10 1995 1646      345
11 10 1995 1649      346
11 10 1995 1651      347
11 10 1995 1655      348
11 10 1995 1658      349
11 10 1995 1709      350
11 10 1995 1715      351
11 10 1995 1717      352
11 10 1995 1720      353
11 10 1995 1721      354
11 10 1995 1723      355
11 10 1995 1724      356
11 10 1995 1726      357
11 10 1995 1729      358
11 10 1995 1732      359
11 10 1995 1734      360
11 10 1995 1736      361
11 10 1995 1740      362
11 10 1995 1744      363
11 10 1995 1748      364
11 10 1995 1754      365
11 10 1995 1802      366
11 10 1995 1811      367
11 10 1995 1815      368
11 10 1995 1818      369
11 10 1995 1821      370
11 10 1995 1827      371
11 10 1995 1838      372
11 10 1995 1843      373
11 10 1995 1851      374
11 10 1995 1852      375
11 10 1995 1903      376
11 10 1995 1905      377
11 10 1995 1910      378
11 10 1995 1916      379
11 10 1995 1919      380
11 10 1995 1930      381
11 10 1995 1936      382
11 10 1995 1947      383
11 10 1995 1954      384
11 10 1995 2025      385
11 10 1995 2029      386
11 10 1995 2034      387
11 10 1995 2037      388
11 10 1995 2045      389
11 10 1995 2047      390
11 10 1995 2050      391
11 10 1995 2052      392
11 10 1995 2055      393
11 10 1995 2107      394
11 10 1995 2110      395
11 10 1995 2112      396
11 10 1995 2123      397
11 10 1995 2128      398
11 10 1995 2133      399
11 10 1995 2155      400
11 10 1995 2204      401
11 10 1995 2208      402
11 10 1995 2329      403
11 11 1995  202      404
11 11 1995  204      405
11 11 1995  206      406
11 11 1995  208      407
11 11 1995  210      408
11 11 1995  212      409
11 11 1995  214      410
11 11 1995  216      411
11 11 1995  217      412
11 11 1995  219      413
11 11 1995  221      414
11 11 1995  222      415
11 11 1995  223      416
11 11 1995  225      417
11 11 1995  226      418
11 11 1995  228      419
11 11 1995  229      420
11 11 1995  230      421
11 11 1995  231      422
11 11 1995  233      423
11 11 1995  234      424
11 11 1995  236      425
11 11 1995  237      426
11 11 1995  239      427
11 11 1995  240      428
11 11 1995  244      429
11 11 1995  247      430
11 11 1995  251      431
11 11 1995  253      432
11 11 1995  254      433
11 11 1995  257      434
11 11 1995  258      435
11 11 1995  300      436
11 11 1995  301      437
11 11 1995  303      438
11 11 1995  304      439
11 11 1995  306      440
11 11 1995  307      441
11 11 1995  309      442
11 11 1995  311      443
11 11 1995  313      444
11 11 1995  315      445
11 11 1995  316      446
11 11 1995  317      447
11 11 1995  318      448
11 11 1995  320      449
11 11 1995  321      450
11 11 1995  323      451
11 11 1995  324      452
11 11 1995  326      453
11 11 1995  328      454
11 11 1995  331      455
11 11 1995  333      456
11 11 1995  335      457
11 11 1995  336      458
11 11 1995  337      459
11 11 1995  338      460
11 11 1995  339      461
11 11 1995  341      462
11 11 1995  342      463
11 11 1995  344      464
11 11 1995  346      465
11 11 1995  348      466
11 11 1995  349      467
11 11 1995  349      468
11 11 1995  349      469
11 11 1995  349      470
11 11 1995  350      471
11 11 1995  352      472
11 11 1995  353      473
11 11 1995  358      474
11 11 1995  401      475
11 11 1995  406      476
11 11 1995  410      477
11 11 1995  413      478
11 11 1995  415      479
11 11 1995  418      480
11 11 1995  432      481
11 11 1995  434      482
11 11 1995  435      483
11 11 1995  436      484
11 11 1995  438      485
11 11 1995  440      486
11 11 1995  442      487
11 11 1995  443      488
11 11 1995  446      489
11 11 1995  449      490
11 11 1995  502      491
11 11 1995  509      492
11 11 1995  512      493
11 11 1995  518      494
11 11 1995  530      495
11 11 1995  533      496
11 11 1995  951      497
11 11 1995 1416      498
11 11 1995 1419      499
11 11 1995 1423      500
11 11 1995 1424      501
11 12 1995 1133      502
11 12 1995 1939      503
11 12 1995 2132      504
11 12 1995 2210      505
11 12 1995 2225      506
11 12 1995 2244      507
11 12 1995 2253      508
11 12 1995 2309      509
11 12 1995 2333      510
11 13 1995   19      511
11 13 1995   43      512
11 13 1995  121      513
11 13 1995  137      514
11 13 1995  237      515
11 13 1995  246      516
11 13 1995  248      517
11 13 1995  251      518
11 13 1995  254      519
11 13 1995  256      520
11 13 1995  259      521
11 13 1995  312      522
11 13 1995  335      523
11 13 1995  344      524
11 13 1995  357      525
11 13 1995  358      526
11 13 1995  403      527
11 13 1995  408      528
11 13 1995  446      529
11 13 1995  504      530
11 13 1995  519      531
11 13 1995  530      532
11 13 1995  542      533
11 13 1995  622      534
11 13 1995  633      535
11 13 1995  659      536
11 13 1995 1042      537
11 13 1995 1057      538
11 13 1995 1109      539
11 13 1995 1148      540
11 13 1995 1208      541
11 13 1995 1209      542
11 13 1995 1530      543
11 15 1995 1104      544
11 15 1995 1116      545
11 15 1995 1123      546
11 15 1995 1139      547
11 15 1995 1149      548
11 15 1995 1200      549
11 15 1995 1214      550
11 15 1995 1226      551
11 15 1995 1242      552
11 15 1995 1308      553
11 15 1995 1318      554
11 15 1995 1326      555
11 15 1995 1355      556
11 15 1995 1409      557
11 15 1995 1411      558
11 15 1995 1416      559
11 15 1995 1426      560
11 16 1995  316      561
11 17 1995 1755      562
11 17 1995 1801      563
11 17 1995 1807      564
11 17 1995 1813      565
11 17 1995 1822      566
11 17 1995 1828      567
11 17 1995 1835      568
11 17 1995 1843      569
11 17 1995 1848      570
11 17 1995 1853      571
11 17 1995 1857      572
11 17 1995 1900      573
11 17 1995 1903      574
11 17 1995 1908      575
11 17 1995 1913      576
11 17 1995 2008      577
11 17 1995 2033      578
11 17 1995 2045      579
11 17 1995 2101      580
11 17 1995 2114      581
11 17 1995 2117      582
11 17 1995 2119      583
11 17 1995 2121      584
11 17 1995 2124      585
11 17 1995 2128      586
11 17 1995 2130      587
11 17 1995 2133      588
11 17 1995 2134      589
11 17 1995 2135      590
11 17 1995 2137      591
11 17 1995 2139      592
11 17 1995 2140      593
11 17 1995 2146      594
11 17 1995 2200      595
11 17 1995 2204      596
11 17 1995 2209      597
11 17 1995 2213      598
11 17 1995 2228      599
11 17 1995 2245      600
11 17 1995 2258      601
11 17 1995 2303      602
11 17 1995 2356      603
11 17 1995 2358      604
11 18 1995    0      605
11 18 1995    5      606
11 18 1995  139      607
11 18 1995  141      608
11 18 1995  143      609
11 18 1995  145      610
11 18 1995  150      611
11 18 1995  153      612
11 18 1995  837      613
11 18 1995 1701      614
11 18 1995 1710      615
11 18 1995 2022      616
11 22 1995 1219      617
11 22 1995 1326      618
11 22 1995 1327      619
11 23 1995  519      620
11 23 1995  538      621
11 23 1995  602      622
11 23 1995  632      623
11 23 1995  645      624
11 23 1995  655      625
11 23 1995  705      626
11 23 1995  717      627
11 23 1995  728      628
11 23 1995  735      629
11 23 1995  742      630
11 23 1995  748      631
11 23 1995  753      632
11 23 1995  802      633
11 23 1995  814      634
11 23 1995  827      635
11 23 1995  834      636
11 23 1995  841      637
11 23 1995  849      638
11 23 1995  854      639
11 23 1995  900      640
11 23 1995  904      641
11 23 1995  912      642
11 23 1995  916      643
11 23 1995  923      644
11 23 1995  929      645
11 23 1995  936      646
11 23 1995  950      647
11 23 1995 1037      648
11 23 1995 1111      649
11 23 1995 1123      650
11 23 1995 1131      651
11 23 1995 1139      652
11 23 1995 1158      653
11 23 1995 1521      654
11 23 1995 1540      655
11 23 1995 1559      656
11 23 1995 1627      657
11 23 1995 1633      658
11 23 1995 1637      659
11 23 1995 1641      660
11 23 1995 1646      661
11 23 1995 1652      662
11 23 1995 1657      663
11 23 1995 1703      664
11 23 1995 1713      665
11 23 1995 1723      666
11 23 1995 1742      667
11 23 1995 1800      668
11 23 1995 1806      669
11 23 1995 1828      670
11 23 1995 1840      671
11 23 1995 1850      672
11 23 1995 1856      673
11 23 1995 1937      674
11 23 1995 1942      675
11 23 1995 1951      676
11 23 1995 1958      677
11 24 1995 1644      678
11 24 1995 1654      679
11 24 1995 1701      680
11 24 1995 1705      681
11 24 1995 1708      682
11 24 1995 1711      683
11 24 1995 1714      684
11 24 1995 1717      685
11 24 1995 1721      686
11 24 1995 1725      687
11 24 1995 1729      688
11 24 1995 1733      689
11 24 1995 1736      690
11 24 1995 1738      691
11 24 1995 1741      692
11 24 1995 1743      693
11 24 1995 1745      694
11 24 1995 1747      695
11 24 1995 1750      696
11 24 1995 1752      697
11 24 1995 1754      698
11 24 1995 1756      699
11 24 1995 1759      700
11 24 1995 1801      701
11 24 1995 1803      702
11 24 1995 1805      703
11 24 1995 1807      704
11 24 1995 1809      705
11 24 1995 1811      706
11 24 1995 1813      707
11 24 1995 1815      708
11 24 1995 1816      709
11 24 1995 1818      710
11 24 1995 1820      711
11 24 1995 1822      712
11 24 1995 1824      713
11 24 1995 1826      714
11 24 1995 1828      715
11 24 1995 1830      716
11 24 1995 1831      717
11 24 1995 1834      718
11 24 1995 1835      719
11 24 1995 1838      720
11 24 1995 1840      721
11 24 1995 1842      722
11 24 1995 1844      723
11 24 1995 1847      724
11 24 1995 1849      725
11 24 1995 1851      726
11 24 1995 1853      727
11 24 1995 1856      728
11 24 1995 1858      729
11 24 1995 1901      730
11 24 1995 1904      731
11 24 1995 1907      732
11 24 1995 1910      733
11 24 1995 1913      734
11 24 1995 1917      735
11 24 1995 1921      736
11 24 1995 1925      737
11 24 1995 1932      738
11 24 1995 1947      739
11 24 1995 1955      740
11 24 1995 2002      741
11 24 1995 2016      742
11 24 1995 2100      743
11 24 1995 2104      744
11 24 1995 2108      745
11 24 1995 2112      746
11 24 1995 2117      747
11 24 1995 2122      748
11 24 1995 2126      749
11 24 1995 2131      750
11 24 1995 2136      751
11 24 1995 2141      752
11 24 1995 2146      753
11 24 1995 2151      754
11 24 1995 2155      755
11 24 1995 2200      756
11 24 1995 2204      757
11 24 1995 2208      758
11 24 1995 2213      759
11 24 1995 2219      760
11 24 1995 2237      761
11 25 1995  208      762
11 25 1995  211      763
11 25 1995  214      764
11 25 1995  216      765
11 25 1995  219      766
11 25 1995  221      767
11 25 1995  224      768
11 25 1995  226      769
11 25 1995  228      770
11 25 1995  231      771
11 25 1995  233      772
11 25 1995  236      773
11 25 1995  238      774
11 25 1995  241      775
11 25 1995  244      776
11 25 1995  247      777
11 25 1995  251      778
11 25 1995  256      779
11 25 1995  302      780
11 25 1995  323      781
11 25 1995  327      782
11 25 1995  330      783
11 25 1995  333      784
11 25 1995  335      785
11 25 1995  337      786
11 25 1995  339      787
11 25 1995  342      788
11 25 1995  344      789
11 25 1995  346      790
11 25 1995  348      791
11 25 1995  351      792
11 25 1995  353      793
11 25 1995  355      794
11 25 1995  357      795
11 25 1995  400      796
11 25 1995  402      797
11 25 1995  405      798
11 25 1995  407      799
11 25 1995  410      800
11 25 1995  413      801
11 25 1995  415      802
11 25 1995  418      803
11 25 1995  421      804
11 25 1995  424      805
11 25 1995  427      806
11 25 1995  429      807
11 25 1995  433      808
11 25 1995  436      809
11 25 1995  439      810
11 25 1995  442      811
11 25 1995  445      812
11 25 1995  447      813
11 25 1995  450      814
11 25 1995  452      815
11 25 1995  454      816
11 25 1995  456      817
11 25 1995  459      818
11 25 1995  501      819
11 25 1995  503      820
11 25 1995  506      821
11 25 1995  508      822
11 25 1995  511      823
11 25 1995  513      824
11 25 1995  516      825
11 25 1995  519      826
11 25 1995  521      827
11 25 1995  524      828
11 25 1995  527      829
11 25 1995  530      830
11 25 1995  532      831
11 25 1995  535      832
11 25 1995  538      833
11 25 1995  541      834
11 25 1995  543      835
11 25 1995  546      836
11 25 1995  549      837
11 25 1995  552      838
11 25 1995  555      839
11 25 1995  559      840
11 25 1995  602      841
11 25 1995  605      842
11 25 1995  608      843
11 25 1995  612      844
11 25 1995  615      845
11 25 1995  619      846
11 25 1995  622      847
11 25 1995  626      848
11 25 1995  629      849
11 25 1995  633      850
11 25 1995  637      851
11 25 1995  641      852
11 25 1995  645      853
11 25 1995  650      854
11 25 1995  655      855
11 25 1995  701      856
11 25 1995  707      857
11 25 1995  749      858
11 25 1995  758      859
11 25 1995  804      860
11 25 1995  809      861
11 25 1995  816      862
11 25 1995  822      863
11 25 1995  829      864
11 25 1995  837      865
11 25 1995 1456      866
11 25 1995 1513      867
11 25 1995 1518      868
11 25 1995 1522      869
11 25 1995 1527      870
11 25 1995 1531      871
11 25 1995 1536      872
11 25 1995 1540      873
11 25 1995 1545      874
11 25 1995 1550      875
11 25 1995 1555      876
11 25 1995 1600      877
11 25 1995 1606      878
11 25 1995 1611      879
11 25 1995 1618      880
11 25 1995 1625      881
11 25 1995 1633      882
11 25 1995 1642      883
11 25 1995 1941      884
11 25 1995 2108      885
11 25 1995 2144      886
11 25 1995 2313      887
11 25 1995 2332      888
11 26 1995  207      889
11 26 1995  452      890
11 27 1995  649      891
11 27 1995  931      892
11 27 1995  946      893
11 27 1995 1004      894
11 27 1995 1021      895
11 27 1995 1040      896
11 27 1995 1056      897
11 27 1995 1113      898
11 27 1995 1128      899
11 27 1995 1145      900
11 27 1995 1201      901
11 27 1995 1218      902
11 27 1995 1233      903
11 27 1995 1250      904
11 27 1995 1306      905
11 27 1995 1324      906
11 27 1995 1341      907
11 27 1995 1736      908
11 27 1995 1811      909
11 27 1995 1844      910
11 27 1995 1926      911
11 27 1995 2105      912
11 27 1995 2159      913
11 27 1995 2229      914
11 27 1995 2306      915
11 28 1995  145      916
11 28 1995  741      917
11 28 1995  826      918
11 28 1995  915      919
11 28 1995  955      920
11 28 1995 1039      921
11 28 1995 1122      922
11 28 1995 1205      923
11 28 1995 1250      924
11 28 1995 1337      925
11 28 1995 1422      926
11 28 1995 1514      927
11 28 1995 1605      928
11 28 1995 1705      929
11 28 1995 1810      930
11 28 1995 1931      931
11 28 1995 2054      932
11 28 1995 2243      933
11 29 1995   22      934
11 29 1995  206      935
11 29 1995  343      936
11 29 1995  556      937
11 29 1995  806      938
11 29 1995 1223      939
11 29 1995 1420      940
11 29 1995 1531      941
11 29 1995 1648      942
11 29 1995 2258      943
11 30 1995  644      944
11 30 1995 1511      945
11 30 1995 2311      946
12  6 1995 1250      947
12  6 1995 1333      948
12  6 1995 1344      949
12  6 1995 1701      950
12  7 1995 1018      951
12  7 1995 1019      952
12  7 1995 1019      953
12  7 1995 1019      954
12  7 1995 1020      955
12  7 1995 1020      956
12  7 1995 1021      957
12  7 1995 1022      958
12  7 1995 1023      959
12  7 1995 1023      960
12  7 1995 1023      961
12  7 1995 1024      962
12  7 1995 1025      963
12  7 1995 1025      964
12  7 1995 1025      965
12  7 1995 1025      966
12  7 1995 1026      967
12  7 1995 1026      968
12  7 1995 1026      969
12  7 1995 1026      970
12  7 1995 1026      971
12  7 1995 1026      972
12  7 1995 1026      973
12  7 1995 1027      974
12  7 1995 1029      975
12  7 1995 1030      976
12  7 1995 1031      977
12  7 1995 1032      978
12  7 1995 1032      979
12  7 1995 1032      980
12  7 1995 1032      981
12  7 1995 1032      982
12  7 1995 1033      983
12  7 1995 1033      984
12  7 1995 1033      985
12  7 1995 1033      986
12  7 1995 1034      987
12  7 1995 1034      988
12  7 1995 1034      989
12  7 1995 1034      990
12  7 1995 1034      991
12  7 1995 1035      992
12  7 1995 1035      993
12  7 1995 1035      994
12  7 1995 1035      995
12  7 1995 1139      996
12  7 1995 1258      997
