"pde21193.dat"
"DP-101  : Tipping bucket rain gage recorder"
"Processed file"
"File creation date   : 1993/12/27 at 09:44:56"
"By                   : kirk "
"Start date           : 11-10-93-14:00"
"Interval             : N/A"
"Preset factor        : 01"
"Calibration factors: sensor 1 : 1  sensor 2 : 1"
"Location : "
"Note : "

"MT" "DY" "YR" "HHMM" "TOTAL   "

11 14 1993 1002        1
11 15 1993  909        2
11 15 1993  929        3
11 15 1993  934        4
11 15 1993  946        5
11 15 1993 1005        6
11 15 1993 1007        7
11 15 1993 1024        8
11 15 1993 1058        9
11 15 1993 1848       10
11 16 1993  823       11
11 16 1993  835       12
11 16 1993  845       13
11 16 1993  848       14
11 16 1993  853       15
11 16 1993  859       16
11 16 1993  902       17
11 16 1993  906       18
11 16 1993  909       19
11 16 1993  911       20
11 16 1993  915       21
11 16 1993  921       22
11 16 1993  927       23
11 17 1993  434       24
11 17 1993  446       25
11 17 1993  503       26
11 17 1993  513       27
11 17 1993  517       28
11 17 1993  520       29
11 17 1993  604       30
11 17 1993  632       31
11 17 1993  704       32
11 17 1993  846       33
11 20 1993 2345       34
11 21 1993   23       35
11 21 1993   57       36
11 21 1993  117       37
11 21 1993  155       38
11 21 1993  325       39
11 21 1993  411       40
11 21 1993  449       41
11 21 1993  546       42
11 21 1993  803       43
11 21 1993  816       44
11 21 1993  831       45
11 21 1993  838       46
11 21 1993  901       47
11 21 1993  940       48
11 21 1993  945       49
11 21 1993 1005       50
11 21 1993 1034       51
11 21 1993 1049       52
11 21 1993 1058       53
11 21 1993 1109       54
11 21 1993 1125       55
11 21 1993 1138       56
11 21 1993 1154       57
11 21 1993 1203       58
11 21 1993 1208       59
11 21 1993 1218       60
11 21 1993 1508       61
11 21 1993 2146       62
11 22 1993   39       63
11 25 1993 1410       64
11 25 1993 1613       65
11 26 1993 1145       66
11 26 1993 1200       67
11 26 1993 1208       68
11 26 1993 1219       69
11 26 1993 1253       70
11 26 1993 1311       71
11 26 1993 1333       72
11 26 1993 1349       73
11 26 1993 1406       74
11 26 1993 1426       75
11 27 1993  518       76
11 27 1993  533       77
11 27 1993  633       78
11 27 1993  842       79
11 27 1993 1014       80
11 27 1993 1024       81
11 27 1993 1658       82
11 28 1993  616       83
11 28 1993 1537       84
11 28 1993 1558       85
11 28 1993 1610       86
11 28 1993 1620       87
11 28 1993 1636       88
11 28 1993 1651       89
11 28 1993 1710       90
11 28 1993 1742       91
11 28 1993 1824       92
11 28 1993 1855       93
11 28 1993 2015       94
11 28 1993 2027       95
11 29 1993  451       96
11 29 1993  536       97
11 29 1993  643       98
11 29 1993  659       99
11 29 1993  713      100
11 29 1993  721      101
11 29 1993  734      102
11 29 1993  747      103
11 29 1993  759      104
11 29 1993  806      105
11 29 1993  814      106
11 29 1993  822      107
11 29 1993  834      108
11 29 1993  840      109
11 29 1993  846      110
11 29 1993  850      111
11 29 1993  858      112
11 29 1993 1007      113
11 29 1993 1050      114
11 29 1993 1554      115
11 29 1993 1614      116
11 29 1993 1625      117
11 29 1993 1630      118
11 29 1993 1647      119
11 29 1993 1724      120
11 29 1993 1739      121
11 29 1993 1742      122
11 29 1993 1745      123
11 29 1993 1750      124
11 29 1993 1753      125
11 29 1993 1801      126
11 29 1993 2343      127
11 30 1993 1654      128
11 30 1993 1716      129
11 30 1993 1732      130
11 30 1993 1741      131
11 30 1993 1753      132
11 30 1993 1806      133
11 30 1993 1816      134
11 30 1993 1829      135
11 30 1993 1857      136
11 30 1993 1915      137
11 30 1993 1944      138
11 30 1993 2004      139
11 30 1993 2014      140
11 30 1993 2026      141
11 30 1993 2038      142
11 30 1993 2052      143
11 30 1993 2102      144
11 30 1993 2112      145
11 30 1993 2117      146
11 30 1993 2123      147
11 30 1993 2211      148
11 30 1993 2239      149
11 30 1993 2248      150
11 30 1993 2252      151
11 30 1993 2255      152
11 30 1993 2257      153
11 30 1993 2300      154
11 30 1993 2302      155
11 30 1993 2306      156
11 30 1993 2309      157
11 30 1993 2312      158
11 30 1993 2314      159
11 30 1993 2316      160
11 30 1993 2318      161
11 30 1993 2320      162
11 30 1993 2322      163
11 30 1993 2324      164
11 30 1993 2326      165
11 30 1993 2328      166
11 30 1993 2330      167
11 30 1993 2333      168
11 30 1993 2335      169
11 30 1993 2337      170
11 30 1993 2339      171
11 30 1993 2341      172
11 30 1993 2343      173
11 30 1993 2345      174
11 30 1993 2347      175
11 30 1993 2349      176
11 30 1993 2351      177
11 30 1993 2355      178
12  1 1993    2      179
12  1 1993   48      180
12  1 1993   53      181
12  1 1993   58      182
12  1 1993  116      183
12  1 1993  943      184
12  1 1993  948      185
12  1 1993  953      186
12  1 1993  957      187
12  1 1993 1004      188
12  1 1993 1012      189
12  1 1993 1017      190
12  1 1993 1020      191
12  1 1993 1024      192
12  1 1993 1027      193
12  1 1993 1031      194
12  1 1993 1035      195
12  1 1993 1040      196
12  1 1993 1048      197
12  1 1993 1053      198
12  1 1993 1056      199
12  1 1993 1104      200
12  1 1993 1109      201
12  1 1993 1114      202
12  1 1993 1123      203
12  1 1993 1139      204
12  1 1993 1148      205
12  1 1993 1151      206
12  1 1993 1153      207
12  1 1993 1155      208
12  1 1993 1158      209
12  1 1993 1208      210
12  1 1993 1239      211
12  1 1993 1244      212
12  1 1993 1249      213
12  1 1993 1253      214
12  1 1993 1257      215
12  1 1993 1259      216
12  1 1993 1301      217
12  1 1993 1304      218
12  1 1993 1305      219
12  1 1993 1308      220
12  1 1993 1310      221
12  1 1993 1312      222
12  1 1993 1314      223
12  1 1993 1317      224
12  1 1993 1319      225
12  1 1993 1321      226
12  1 1993 1325      227
12  1 1993 1328      228
12  1 1993 1331      229
12  1 1993 1343      230
12  1 1993 1348      231
12  1 1993 1428      232
12  1 1993 1430      233
12  1 1993 1442      234
12  1 1993 1445      235
12  1 1993 1641      236
12  1 1993 1642      237
12  1 1993 1655      238
12  1 1993 1720      239
12  2 1993 1210      240
12  2 1993 1311      241
12  2 1993 1417      242
12  2 1993 1442      243
12  3 1993  735      244
12  3 1993 2037      245
12  3 1993 2058      246
12  3 1993 2107      247
12  3 1993 2118      248
12  3 1993 2127      249
12  3 1993 2134      250
12  3 1993 2142      251
12  3 1993 2148      252
12  3 1993 2152      253
12  3 1993 2159      254
12  3 1993 2202      255
12  3 1993 2205      256
12  3 1993 2206      257
12  3 1993 2208      258
12  3 1993 2210      259
12  3 1993 2211      260
12  3 1993 2212      261
12  3 1993 2213      262
12  3 1993 2215      263
12  3 1993 2216      264
12  3 1993 2216      265
12  3 1993 2217      266
12  3 1993 2219      267
12  3 1993 2220      268
12  3 1993 2221      269
12  3 1993 2223      270
12  3 1993 2226      271
12  3 1993 2231      272
12  3 1993 2236      273
12  3 1993 2240      274
12  3 1993 2246      275
12  3 1993 2251      276
12  3 1993 2256      277
12  3 1993 2306      278
12  3 1993 2318      279
12  4 1993  314      280
12  5 1993 1520      281
12  6 1993 1955      282
12  6 1993 2242      283
12  7 1993   24      284
12  7 1993   50      285
12  7 1993  110      286
12  7 1993  150      287
12  7 1993  238      288
12  7 1993  301      289
12  7 1993  320      290
12  7 1993  329      291
12  7 1993  335      292
12  7 1993  355      293
12  7 1993  415      294
12  7 1993  423      295
12  7 1993  433      296
12  7 1993  442      297
12  7 1993  456      298
12  7 1993  652      299
12  7 1993  725      300
12  7 1993  750      301
12  7 1993  810      302
12  7 1993  822      303
12  7 1993  830      304
12  7 1993  838      305
12  7 1993  851      306
12  7 1993  901      307
12  7 1993  908      308
12  7 1993  913      309
12  7 1993  919      310
12  7 1993  923      311
12  7 1993  929      312
12  7 1993  934      313
12  7 1993  939      314
12  7 1993  942      315
12  7 1993  946      316
12  7 1993  951      317
12  7 1993  959      318
12  7 1993 1009      319
12  7 1993 1027      320
12  7 1993 1041      321
12  7 1993 1634      322
12  7 1993 1656      323
12  7 1993 2332      324
12  8 1993   23      325
12  8 1993  904      326
12  8 1993  916      327
12  8 1993  937      328
12  8 1993  948      329
12  8 1993  955      330
12  8 1993 1000      331
12  8 1993 1004      332
12  8 1993 1007      333
12  8 1993 1009      334
12  8 1993 1011      335
12  8 1993 1013      336
12  8 1993 1014      337
12  8 1993 1016      338
12  8 1993 1018      339
12  8 1993 1020      340
12  8 1993 1022      341
12  8 1993 1026      342
12  8 1993 1039      343
12  8 1993 1557      344
12  8 1993 1608      345
12  8 1993 1612      346
12  8 1993 1614      347
12  8 1993 1617      348
12  8 1993 1619      349
12  8 1993 1621      350
12  8 1993 1624      351
12  8 1993 1626      352
12  8 1993 1628      353
12  8 1993 1629      354
12  8 1993 1631      355
12  8 1993 1632      356
12  8 1993 1633      357
12  8 1993 1634      358
12  8 1993 1634      359
12  8 1993 1636      360
12  8 1993 1637      361
12  8 1993 1638      362
12  8 1993 1639      363
12  8 1993 1640      364
12  8 1993 1642      365
12  8 1993 1643      366
12  8 1993 1646      367
12  8 1993 1649      368
12  8 1993 1652      369
12  8 1993 1654      370
12  8 1993 1656      371
12  8 1993 1659      372
12  8 1993 1702      373
12  8 1993 1704      374
12  8 1993 1706      375
12  8 1993 1708      376
12  8 1993 1710      377
12  8 1993 1711      378
12  8 1993 1713      379
12  8 1993 1715      380
12  8 1993 1716      381
12  8 1993 1718      382
12  8 1993 1722      383
12  8 1993 1741      384
12  8 1993 1801      385
12  8 1993 1808      386
12  8 1993 1811      387
12  8 1993 1814      388
12  8 1993 1817      389
12  8 1993 1837      390
12  8 1993 1849      391
12  8 1993 1900      392
12  8 1993 1912      393
12  8 1993 1917      394
12  8 1993 1920      395
12  8 1993 1923      396
12  8 1993 1925      397
12  8 1993 1930      398
12  8 1993 2003      399
12  8 1993 2008      400
12  8 1993 2128      401
12  8 1993 2133      402
12  8 1993 2134      403
12  8 1993 2135      404
12  8 1993 2137      405
12  8 1993 2138      406
12  8 1993 2140      407
12  8 1993 2141      408
12  8 1993 2143      409
12  8 1993 2146      410
12  8 1993 2151      411
12  8 1993 2214      412
12  8 1993 2236      413
12  9 1993  211      414
12  9 1993  628      415
12  9 1993  924      416
12  9 1993  941      417
12  9 1993  956      418
12  9 1993 1017      419
12  9 1993 1056      420
12  9 1993 1138      421
12  9 1993 1231      422
12  9 1993 1303      423
12  9 1993 1316      424
12  9 1993 1323      425
