"PDE201100.DAT"
"DP-101  : Tipping bucket rain gage recorder"
"Processed file"
"File creation date   : 2000/02/04 at 09:16:28"
"By                   : DARIN"
"Start date           : 01-06-00-11:25"
"Interval             : N/A"
"Preset factor        : 01"
"Calibration factors: sensor 1 : 1  sensor 2 : 1"
"Location : LAKE LAWRENCE"
"Note :   "

"MT" "DY" "YR" "HHMM" "TOTAL   "

 1  6 2000 1440        1
 1  6 2000 1651        2
 1  7 2000 1755        3
 1  7 2000 1831        4
 1  7 2000 2155        5
 1  7 2000 2158        6
 1  7 2000 2204        7
 1  7 2000 2216        8
 1  7 2000 2221        9
 1  7 2000 2224       10
 1  7 2000 2226       11
 1  7 2000 2228       12
 1  7 2000 2230       13
 1  7 2000 2233       14
 1  7 2000 2235       15
 1  7 2000 2242       16
 1  7 2000 2252       17
 1  7 2000 2259       18
 1  7 2000 2308       19
 1  8 2000  142       20
 1  8 2000  210       21
 1  8 2000  217       22
 1  8 2000  225       23
 1  8 2000  307       24
 1  8 2000  330       25
 1  8 2000  342       26
 1  8 2000  418       27
 1  8 2000  443       28
 1  8 2000  541       29
 1  8 2000  551       30
 1  8 2000  554       31
 1  8 2000  558       32
 1  8 2000  608       33
 1  8 2000  624       34
 1  8 2000  654       35
 1  8 2000  715       36
 1  8 2000  752       37
 1  8 2000  757       38
 1  8 2000  800       39
 1  8 2000  802       40
 1  8 2000  805       41
 1  8 2000  807       42
 1  8 2000  816       43
 1  8 2000  820       44
 1  8 2000  823       45
 1  8 2000  902       46
 1  8 2000 1016       47
 1  8 2000 1054       48
 1  8 2000 1059       49
 1  8 2000 1101       50
 1  8 2000 1104       51
 1  8 2000 1116       52
 1  8 2000 1207       53
 1  8 2000 1215       54
 1  8 2000 1411       55
 1  8 2000 1417       56
 1  8 2000 1421       57
 1  8 2000 1432       58
 1  8 2000 1609       59
 1  8 2000 1902       60
 1  8 2000 1913       61
 1  8 2000 1920       62
 1  8 2000 1929       63
 1  8 2000 1939       64
 1  8 2000 1947       65
 1  8 2000 1957       66
 1  8 2000 2009       67
 1  8 2000 2028       68
 1  8 2000 2043       69
 1  8 2000 2106       70
 1  8 2000 2123       71
 1  8 2000 2144       72
 1  8 2000 2203       73
 1  8 2000 2219       74
 1  8 2000 2237       75
 1  8 2000 2310       76
 1  9 2000  124       77
 1  9 2000  136       78
 1  9 2000  141       79
 1  9 2000  159       80
 1  9 2000  221       81
 1  9 2000  301       82
 1  9 2000  331       83
 1  9 2000  420       84
 1  9 2000  439       85
 1  9 2000  517       86
 1  9 2000  521       87
 1  9 2000  527       88
 1  9 2000  530       89
 1  9 2000  532       90
 1  9 2000  534       91
 1  9 2000  537       92
 1  9 2000  538       93
 1  9 2000  541       94
 1  9 2000  543       95
 1  9 2000  545       96
 1  9 2000  547       97
 1  9 2000  549       98
 1  9 2000  553       99
 1  9 2000  600      100
 1  9 2000  614      101
 1  9 2000  629      102
 1  9 2000  733      103
 1  9 2000  744      104
 1  9 2000  834      105
 1  9 2000 1009      106
 1  9 2000 1654      107
 1  9 2000 1839      108
 1  9 2000 1844      109
 1  9 2000 2031      110
 1  9 2000 2231      111
 1  9 2000 2249      112
 1  9 2000 2255      113
 1  9 2000 2302      114
 1  9 2000 2307      115
 1  9 2000 2311      116
 1  9 2000 2320      117
 1  9 2000 2332      118
 1  9 2000 2346      119
 1  9 2000 2353      120
 1 10 2000    1      121
 1 10 2000   40      122
 1 10 2000  143      123
 1 10 2000  201      124
 1 10 2000  347      125
 1 10 2000  436      126
 1 10 2000  519      127
 1 10 2000  546      128
 1 10 2000  621      129
 1 10 2000  651      130
 1 10 2000  742      131
 1 10 2000  830      132
 1 10 2000 1102      133
 1 10 2000 1342      134
 1 10 2000 2225      135
 1 11 2000 1519      136
 1 13 2000 1233      137
 1 14 2000 2248      138
 1 15 2000 1545      139
 1 16 2000  831      140
 1 16 2000 2030      141
 1 17 2000  505      142
 1 17 2000 1502      143
 1 18 2000  120      144
 1 18 2000 1428      145
 1 19 2000  159      146
 1 19 2000 1303      147
 1 20 2000  232      148
 1 20 2000 1402      149
 1 21 2000  337      150
 1 21 2000 2110      151
 1 22 2000 1637      152
 1 23 2000  948      153
 1 24 2000  604      154
 1 25 2000  520      155
 1 26 2000    9      156
 1 27 2000  124      157
 1 27 2000 1459      158
 1 28 2000 1250      159
 2  1 2000 1250      160
 2 23 2000 1109      161
 2 24 2000  641      162
 2 24 2000 1521      163
 2 25 2000  718      164
 2 26 2000  321      165
 2 26 2000 1512      166
 3 27 2000 1526      167
 3 27 2000 1526      168
 3 27 2000 1526      169
 3 27 2000 1526      170
 3 27 2000 1526      171
 3 27 2000 1526      172
 3 27 2000 1526      173
 3 27 2000 1526      174
 3 27 2000 1526      175
 3 27 2000 1526      176
 3 27 2000 1526      177
 3 27 2000 1526      178
 3 27 2000 1526      179
 3 27 2000 1526      180
 3 27 2000 1526      181
 3 27 2000 1526      182
 3 27 2000 1526      183
 3 27 2000 1526      184
 3 27 2000 1526      185
 3 27 2000 1526      186
 3 27 2000 1526      187
 3 27 2000 1526      188
 3 27 2000 1526      189
 3 27 2000 1526      190
 3 27 2000 1526      191
 3 27 2000 1526      192
 4 11 2000 1712      193
 4 16 2000   29      194
 4 17 2000 2052      195
 4 19 2000  444      196
 4 19 2000  807      197
 4 30 2000 1911      198
 5  1 2000  450      199
 5  4 2000 1514      200
 5  4 2000 1926      201
 5  4 2000 2255      202
 5  5 2000  237      203
 5  5 2000  443      204
 5  5 2000  754      205
 5  5 2000 1130      206
 5  5 2000 1631      207
 5  5 2000 2205      208
 5  6 2000  115      209
 5  6 2000  407      210
 5  6 2000  647      211
 5  6 2000  854      212
 5  6 2000 1118      213
 5  6 2000 1344      214
 5  6 2000 1633      215
 5  6 2000 1937      216
 5  6 2000 2159      217
 5  7 2000   53      218
 5  7 2000  448      219
 5  7 2000 1318      220
 5  8 2000 1858      221
 5 15 2000   39      222
 5 15 2000  743      223
 5 15 2000  842      224
 5 15 2000  921      225
 5 15 2000 1005      226
 5 15 2000 1054      227
 5 15 2000 1149      228
 5 15 2000 1238      229
 5 15 2000 1320      230
 5 15 2000 1408      231
 5 15 2000 1513      232
 5 15 2000 1556      233
 5 15 2000 1644      234
 5 15 2000 1849      235
 5 18 2000 1338      236
 5 18 2000 2330      237
 5 19 2000  151      238
 5 24 2000  319      239
 5 24 2000 1229      240
 5 24 2000 2028      241
 5 25 2000  207      242
 5 25 2000  449      243
 5 26 2000 2326      244
 5 27 2000 1756      245
 5 29 2000  355      246
 5 30 2000  158      247
 6  1 2000 2337      248
 7  9 2000  957      249
 7  9 2000 2127      250
 7 11 2000 1847      251
 7 13 2000 1006      252
 7 13 2000 2012      253
 7 14 2000  303      254
 7 14 2000 1248      255
 7 14 2000 2201      256
 7 15 2000  626      257
 7 15 2000 1156      258
 7 15 2000 1540      259
 7 15 2000 2126      260
 7 16 2000  457      261
 7 16 2000 1658      262
 7 17 2000  235      263
 7 17 2000  950      264
 7 18 2000 2326      265
 7 21 2000 2017      266
 7 22 2000  133      267
 7 22 2000  731      268
 7 23 2000 1949      269
 7 24 2000 2115      270
 7 25 2000  359      271
 7 25 2000  933      272
 7 25 2000 1740      273
 7 25 2000 2135      274
 7 26 2000   50      275
 7 26 2000  334      276
 7 26 2000  807      277
 7 26 2000 1438      278
 7 29 2000 2220      279
 8  8 2000  947      280
 8 12 2000 2225      281
 8 13 2000  649      282
 8 13 2000 1216      283
 8 13 2000 2248      284
 8 14 2000  145      285
 8 14 2000 1212      286
 8 14 2000 1803      287
 8 14 2000 2348      288
 8 15 2000  507      289
 8 15 2000  750      290
 8 15 2000 1145      291
 8 16 2000  215      292
 8 16 2000  510      293
 8 16 2000 1045      294
 8 17 2000 1458      295
 8 17 2000 2335      296
 8 18 2000  258      297
 8 18 2000  919      298
 8 18 2000 1819      299
 8 20 2000  141      300
 8 20 2000 1901      301
 8 21 2000  159      302
 8 21 2000  328      303
 8 21 2000  509      304
 8 23 2000 2326      305
 8 27 2000 2314      306
 8 28 2000  808      307
 8 28 2000 1503      308
 8 28 2000 2056      309
 8 29 2000  147      310
 8 29 2000  342      311
 8 29 2000  539      312
 8 29 2000  831      313
 8 29 2000 1058      314
 8 29 2000 1307      315
 9  5 2000 2326      316
10 21 2000  637      317
