"PDE21294.DAT"
"DP-101  : Tipping bucket rain gage recorder"
"Processed file"
"File creation date   : 1995/01/18 at 09:11:57"
"By                   : VICENCIO"
"Start date           : 12-12-94-10:22"
"Interval             : N/A"
"Preset factor        : 01"
"Calibration factors: sensor 1 : 1  sensor 2 : 1"
"Location : LAKE LAWRENCE"
"Note : "

"MT" "DY" "YR" "HHMM" "TOTAL   "

12 12 1994 1113        1
12 13 1994 1001        2
12 14 1994 1201        3
12 14 1994 1310        4
12 14 1994 1439        5
12 14 1994 1609        6
12 14 1994 1628        7
12 14 1994 1648        8
12 14 1994 1735        9
12 14 1994 1742       10
12 14 1994 1751       11
12 14 1994 1756       12
12 14 1994 1848       13
12 14 1994 2240       14
12 14 1994 2245       15
12 14 1994 2308       16
12 15 1994   51       17
12 15 1994 1434       18
12 15 1994 1441       19
12 15 1994 1447       20
12 15 1994 1453       21
12 15 1994 1501       22
12 15 1994 1631       23
12 15 1994 1706       24
12 15 1994 1709       25
12 15 1994 1716       26
12 15 1994 1719       27
12 15 1994 1722       28
12 15 1994 1725       29
12 15 1994 1727       30
12 15 1994 1733       31
12 15 1994 1818       32
12 15 1994 1832       33
12 15 1994 1834       34
12 15 1994 1838       35
12 15 1994 1851       36
12 15 1994 1857       37
12 15 1994 2009       38
12 15 1994 2106       39
12 15 1994 2110       40
12 15 1994 2114       41
12 15 1994 2119       42
12 15 1994 2122       43
12 15 1994 2126       44
12 15 1994 2129       45
12 15 1994 2139       46
12 15 1994 2154       47
12 15 1994 2207       48
12 15 1994 2218       49
12 15 1994 2223       50
12 15 1994 2230       51
12 15 1994 2308       52
12 15 1994 2320       53
12 16 1994  249       54
12 16 1994  256       55
12 16 1994  345       56
12 16 1994  349       57
12 16 1994  351       58
12 16 1994  354       59
12 16 1994  357       60
12 16 1994  401       61
12 16 1994  443       62
12 16 1994  505       63
12 16 1994  612       64
12 16 1994  719       65
12 16 1994  726       66
12 16 1994  731       67
12 16 1994  736       68
12 16 1994  740       69
12 16 1994  744       70
12 16 1994  747       71
12 16 1994  758       72
12 16 1994 1025       73
12 16 1994 1030       74
12 16 1994 1038       75
12 16 1994 1142       76
12 16 1994 1321       77
12 16 1994 1329       78
12 16 1994 1336       79
12 16 1994 1405       80
12 16 1994 1528       81
12 16 1994 1537       82
12 16 1994 1549       83
12 16 1994 1555       84
12 16 1994 1601       85
12 16 1994 1606       86
12 16 1994 1611       87
12 16 1994 1620       88
12 16 1994 1627       89
12 16 1994 1632       90
12 16 1994 1637       91
12 16 1994 1644       92
12 16 1994 1655       93
12 16 1994 1711       94
12 16 1994 1727       95
12 16 1994 1741       96
12 16 1994 1801       97
12 16 1994 1820       98
12 16 1994 1854       99
12 16 1994 1903      100
12 16 1994 1916      101
12 16 1994 1924      102
12 16 1994 1933      103
12 16 1994 1938      104
12 16 1994 1941      105
12 16 1994 1943      106
12 16 1994 1947      107
12 16 1994 1953      108
12 16 1994 1959      109
12 16 1994 2009      110
12 16 1994 2017      111
12 16 1994 2027      112
12 16 1994 2038      113
12 16 1994 2105      114
12 16 1994 2120      115
12 16 1994 2127      116
12 16 1994 2135      117
12 16 1994 2141      118
12 16 1994 2143      119
12 16 1994 2146      120
12 16 1994 2150      121
12 16 1994 2156      122
12 16 1994 2203      123
12 16 1994 2212      124
12 16 1994 2221      125
12 16 1994 2229      126
12 16 1994 2235      127
12 16 1994 2249      128
12 16 1994 2301      129
12 16 1994 2314      130
12 16 1994 2317      131
12 16 1994 2320      132
12 16 1994 2323      133
12 16 1994 2329      134
12 16 1994 2338      135
12 16 1994 2354      136
12 17 1994   12      137
12 17 1994   23      138
12 17 1994   30      139
12 17 1994   36      140
12 17 1994   46      141
12 17 1994   57      142
12 17 1994  103      143
12 17 1994  106      144
12 17 1994  111      145
12 17 1994  116      146
12 17 1994  124      147
12 17 1994  134      148
12 17 1994  354      149
12 17 1994  518      150
12 17 1994  707      151
12 17 1994  711      152
12 17 1994  717      153
12 17 1994  723      154
12 17 1994  815      155
12 17 1994  914      156
12 17 1994  953      157
12 17 1994 1338      158
12 17 1994 1347      159
12 17 1994 1359      160
12 17 1994 1413      161
12 17 1994 1439      162
12 17 1994 1451      163
12 17 1994 1459      164
12 17 1994 1507      165
12 17 1994 1519      166
12 17 1994 1529      167
12 17 1994 1542      168
12 17 1994 2026      169
12 17 1994 2215      170
12 17 1994 2219      171
12 17 1994 2229      172
12 17 1994 2236      173
12 17 1994 2244      174
12 17 1994 2248      175
12 17 1994 2258      176
12 17 1994 2301      177
12 17 1994 2305      178
12 17 1994 2308      179
12 17 1994 2313      180
12 17 1994 2318      181
12 17 1994 2321      182
12 17 1994 2326      183
12 17 1994 2332      184
12 17 1994 2338      185
12 17 1994 2341      186
12 17 1994 2343      187
12 17 1994 2345      188
12 17 1994 2347      189
12 18 1994    0      190
12 18 1994  712      191
12 18 1994  736      192
12 18 1994  835      193
12 18 1994  840      194
12 18 1994  846      195
12 18 1994 1044      196
12 18 1994 1118      197
12 18 1994 1234      198
12 18 1994 1240      199
12 18 1994 1243      200
12 18 1994 1245      201
12 18 1994 1247      202
12 18 1994 1249      203
12 18 1994 1250      204
12 18 1994 1251      205
12 18 1994 1253      206
12 18 1994 1254      207
12 18 1994 1256      208
12 19 1994  158      209
12 19 1994  931      210
12 19 1994 1052      211
12 19 1994 1130      212
12 19 1994 1136      213
12 19 1994 1143      214
12 19 1994 1151      215
12 19 1994 1206      216
12 19 1994 1227      217
12 19 1994 1242      218
12 19 1994 1306      219
12 19 1994 1316      220
12 19 1994 1334      221
12 19 1994 1341      222
12 19 1994 1349      223
12 19 1994 1358      224
12 19 1994 1402      225
12 19 1994 1406      226
12 19 1994 1413      227
12 19 1994 1420      228
12 19 1994 1425      229
12 19 1994 1442      230
12 19 1994 1454      231
12 19 1994 1502      232
12 19 1994 1507      233
12 19 1994 1513      234
12 19 1994 1518      235
12 19 1994 1525      236
12 19 1994 1529      237
12 19 1994 1534      238
12 19 1994 1538      239
12 19 1994 1545      240
12 19 1994 1549      241
12 19 1994 1552      242
12 19 1994 1556      243
12 19 1994 1559      244
12 19 1994 1603      245
12 19 1994 1611      246
12 19 1994 1616      247
12 19 1994 1638      248
12 19 1994 1708      249
12 19 1994 1713      250
12 19 1994 1736      251
12 19 1994 1819      252
12 19 1994 1840      253
12 19 1994 1903      254
12 19 1994 1926      255
12 19 1994 2023      256
12 19 1994 2039      257
12 19 1994 2113      258
12 19 1994 2152      259
12 20 1994    7      260
12 20 1994   30      261
12 20 1994   55      262
12 20 1994  110      263
12 20 1994  121      264
12 20 1994  128      265
12 20 1994  139      266
12 20 1994  152      267
12 20 1994  205      268
12 20 1994  211      269
12 20 1994  216      270
12 20 1994  223      271
12 20 1994  230      272
12 20 1994  241      273
12 20 1994  253      274
12 20 1994  301      275
12 20 1994  310      276
12 20 1994  317      277
12 20 1994  326      278
12 20 1994  335      279
12 20 1994  355      280
12 20 1994  408      281
12 20 1994  420      282
12 20 1994  427      283
12 20 1994  435      284
12 20 1994  444      285
12 20 1994  451      286
12 20 1994  457      287
12 20 1994  506      288
12 20 1994  518      289
12 20 1994  529      290
12 20 1994  540      291
12 20 1994  551      292
12 20 1994  605      293
12 20 1994  625      294
12 20 1994  643      295
12 20 1994  648      296
12 20 1994  650      297
12 20 1994  652      298
12 20 1994  654      299
12 20 1994  657      300
12 20 1994  701      301
12 20 1994  707      302
12 20 1994  716      303
12 20 1994  725      304
12 20 1994  753      305
12 20 1994  836      306
12 20 1994  906      307
12 20 1994  922      308
12 20 1994  928      309
12 20 1994  937      310
12 20 1994  953      311
12 20 1994 1017      312
12 20 1994 1028      313
12 20 1994 1038      314
12 20 1994 1046      315
12 20 1994 1059      316
12 20 1994 1106      317
12 20 1994 1114      318
12 20 1994 1121      319
12 20 1994 1126      320
12 20 1994 1129      321
12 20 1994 1134      322
12 20 1994 1138      323
12 20 1994 1141      324
12 20 1994 1146      325
12 20 1994 1152      326
12 20 1994 1156      327
12 20 1994 1203      328
12 20 1994 1209      329
12 20 1994 1215      330
12 20 1994 1221      331
12 20 1994 1228      332
12 20 1994 1234      333
12 20 1994 1240      334
12 20 1994 1245      335
12 20 1994 1251      336
12 20 1994 1259      337
12 20 1994 1304      338
12 20 1994 1315      339
12 20 1994 1327      340
12 20 1994 1342      341
12 20 1994 1355      342
12 20 1994 1406      343
12 20 1994 1415      344
12 20 1994 1422      345
12 20 1994 1426      346
12 20 1994 1432      347
12 20 1994 1439      348
12 20 1994 1445      349
12 20 1994 1450      350
12 20 1994 1456      351
12 20 1994 1501      352
12 20 1994 1506      353
12 20 1994 1512      354
12 20 1994 1517      355
12 20 1994 1522      356
12 20 1994 1526      357
12 20 1994 1529      358
12 20 1994 1533      359
12 20 1994 1538      360
12 20 1994 1543      361
12 20 1994 1548      362
12 20 1994 1554      363
12 20 1994 1601      364
12 20 1994 1606      365
12 20 1994 1610      366
12 20 1994 1614      367
12 20 1994 1619      368
12 20 1994 1625      369
12 20 1994 1629      370
12 20 1994 1636      371
12 20 1994 1644      372
12 20 1994 1651      373
12 20 1994 1700      374
12 20 1994 1712      375
12 20 1994 1735      376
12 20 1994 1926      377
12 20 1994 2130      378
12 21 1994 2204      379
12 24 1994 1359      380
12 25 1994 1228      381
12 25 1994 1316      382
12 25 1994 1328      383
12 25 1994 1351      384
12 25 1994 1421      385
12 25 1994 1519      386
12 25 1994 1633      387
12 25 1994 1741      388
12 25 1994 1846      389
12 25 1994 2200      390
12 26 1994   28      391
12 26 1994   53      392
12 26 1994  123      393
12 26 1994  159      394
12 26 1994  215      395
12 26 1994  226      396
12 26 1994  235      397
12 26 1994  249      398
12 26 1994  300      399
12 26 1994  312      400
12 26 1994  322      401
12 26 1994  332      402
12 26 1994  340      403
12 26 1994  347      404
12 26 1994  355      405
12 26 1994  403      406
12 26 1994  409      407
12 26 1994  415      408
12 26 1994  420      409
12 26 1994  426      410
12 26 1994  433      411
12 26 1994  442      412
12 26 1994  450      413
12 26 1994  458      414
12 26 1994  512      415
12 26 1994  541      416
12 26 1994  553      417
12 26 1994  602      418
12 26 1994  615      419
12 26 1994  626      420
12 26 1994  634      421
12 26 1994  641      422
12 26 1994  647      423
12 26 1994  655      424
12 26 1994  703      425
12 26 1994  715      426
12 26 1994  727      427
12 26 1994  750      428
12 26 1994  830      429
12 26 1994  922      430
12 26 1994  942      431
12 26 1994 1014      432
12 26 1994 1028      433
12 26 1994 1040      434
12 26 1994 1054      435
12 26 1994 1107      436
12 26 1994 1125      437
12 26 1994 1134      438
12 26 1994 1144      439
12 26 1994 1152      440
12 26 1994 1205      441
12 26 1994 1219      442
12 26 1994 1231      443
12 26 1994 1243      444
12 26 1994 1254      445
12 26 1994 1307      446
12 26 1994 1318      447
12 26 1994 1328      448
12 26 1994 1346      449
12 26 1994 1352      450
12 26 1994 1358      451
12 26 1994 1403      452
12 26 1994 1408      453
12 26 1994 1412      454
12 26 1994 1418      455
12 26 1994 1425      456
12 26 1994 1432      457
12 26 1994 1438      458
12 26 1994 1448      459
12 26 1994 1459      460
12 26 1994 1508      461
12 26 1994 1517      462
12 26 1994 1524      463
12 26 1994 1530      464
12 26 1994 1536      465
12 26 1994 1542      466
12 26 1994 1546      467
12 26 1994 1550      468
12 26 1994 1555      469
12 26 1994 1601      470
12 26 1994 1607      471
12 26 1994 1613      472
12 26 1994 1619      473
12 26 1994 1625      474
12 26 1994 1630      475
12 26 1994 1635      476
12 26 1994 1640      477
12 26 1994 1645      478
12 26 1994 1650      479
12 26 1994 1657      480
12 26 1994 1704      481
12 26 1994 1708      482
12 26 1994 1712      483
12 26 1994 1716      484
12 26 1994 1721      485
12 26 1994 1726      486
12 26 1994 1730      487
12 26 1994 1735      488
12 26 1994 1741      489
12 26 1994 1745      490
12 26 1994 1749      491
12 26 1994 1755      492
12 26 1994 1800      493
12 26 1994 1805      494
12 26 1994 1810      495
12 26 1994 1817      496
12 26 1994 1823      497
12 26 1994 1831      498
12 26 1994 1838      499
12 26 1994 1847      500
12 26 1994 1858      501
12 26 1994 1911      502
12 26 1994 1926      503
12 26 1994 1937      504
12 26 1994 1953      505
12 26 1994 2002      506
12 26 1994 2010      507
12 26 1994 2022      508
12 26 1994 2032      509
12 26 1994 2047      510
12 26 1994 2058      511
12 26 1994 2110      512
12 26 1994 2119      513
12 26 1994 2129      514
12 26 1994 2140      515
12 26 1994 2147      516
12 26 1994 2155      517
12 26 1994 2159      518
12 26 1994 2206      519
12 26 1994 2212      520
12 26 1994 2221      521
12 26 1994 2226      522
12 26 1994 2241      523
12 26 1994 2257      524
12 26 1994 2307      525
12 26 1994 2316      526
12 26 1994 2327      527
12 26 1994 2336      528
12 26 1994 2343      529
12 26 1994 2349      530
12 26 1994 2354      531
12 27 1994    0      532
12 27 1994    9      533
12 27 1994   17      534
12 27 1994   22      535
12 27 1994   25      536
12 27 1994   30      537
12 27 1994   36      538
12 27 1994   43      539
12 27 1994   55      540
12 27 1994  107      541
12 27 1994  115      542
12 27 1994  123      543
12 27 1994  130      544
12 27 1994  135      545
12 27 1994  139      546
12 27 1994  145      547
12 27 1994  152      548
12 27 1994  204      549
12 27 1994  217      550
12 27 1994  230      551
12 27 1994  238      552
12 27 1994  246      553
12 27 1994  257      554
12 27 1994  309      555
12 27 1994  325      556
12 27 1994  339      557
12 27 1994  353      558
12 27 1994  408      559
12 27 1994  438      560
12 27 1994  518      561
12 27 1994  601      562
12 27 1994  739      563
12 27 1994  838      564
12 27 1994 1432      565
12 27 1994 1509      566
12 27 1994 1557      567
12 27 1994 1608      568
12 27 1994 1743      569
12 27 1994 1748      570
12 27 1994 1808      571
12 27 1994 1825      572
12 27 1994 1915      573
12 27 1994 1928      574
12 27 1994 2340      575
12 27 1994 2346      576
12 27 1994 2353      577
12 28 1994   38      578
12 28 1994   50      579
12 28 1994   55      580
12 28 1994  122      581
12 28 1994  817      582
12 30 1994 1128      583
12 30 1994 1427      584
12 31 1994 1308      585
 1  2 1994 1153      586
 1  4 1994 1129      587
 1  6 1994  944      588
 1  6 1994  954      589
 1  6 1994 1017      590
 1  6 1994 1038      591
 1  7 1994  803      592
 1  7 1994 1134      593
 1  7 1994 1558      594
 1  7 1994 1614      595
 1  7 1994 1626      596
 1  7 1994 1718      597
 1  8 1994    4      598
 1  8 1994  426      599
 1  8 1994  650      600
 1  8 1994  733      601
 1  8 1994  806      602
 1  8 1994  813      603
 1  8 1994  821      604
 1  8 1994  859      605
 1  8 1994 1114      606
 1  8 1994 1137      607
 1  8 1994 1146      608
 1  9 1994   19      609
 1  9 1994   34      610
 1  9 1994   47      611
 1  9 1994  101      612
 1  9 1994  207      613
 1  9 1994  226      614
 1  9 1994  526      615
 1  9 1994  820      616
 1  9 1994  835      617
 1  9 1994  913      618
 1  9 1994 1339      619
 1  9 1994 1535      620
 1  9 1994 1631      621
 1  9 1994 1703      622
 1  9 1994 1722      623
 1  9 1994 1808      624
 1  9 1994 1815      625
 1  9 1994 1829      626
 1  9 1994 1847      627
 1  9 1994 1853      628
 1  9 1994 1858      629
 1  9 1994 1904      630
 1 10 1994  250      631
 1 10 1994  558      632
 1 10 1994  620      633
 1 10 1994  650      634
 1 10 1994  716      635
 1 10 1994  806      636
 1 10 1994  934      637
 1 10 1994 2146      638
 1 10 1994 2252      639
 1 10 1994 2315      640
 1 10 1994 2327      641
 1 11 1994   29      642
 1 11 1994   34      643
 1 11 1994   47      644
 1 11 1994  535      645
