"PDE20393.DAT"
"DP-101  : Tipping bucket rain gage recorder"
"Processed file"
"File creation date   : 1993/04/19 at 16:51:55"
"By                   : KLAVAS     "
"Start date           : 03-08-93-11:38"
"Interval             : N/A"
"Preset factor        : 01"
"Calibration factors: sensor 1 : 1  sensor 2 : 1"
"Location : LAKE LAWRENCE"
"Note : "

"MT" "DY" "YR" "HHMM" "TOTAL   "

 3 13 1993 2022        1
 3 13 1993 2141        2
 3 14 1993  617        3
 3 14 1993  624        4
 3 14 1993  628        5
 3 14 1993  629        6
 3 14 1993  632        7
 3 14 1993  642        8
 3 14 1993  825        9
 3 14 1993  831       10
 3 14 1993  847       11
 3 14 1993  935       12
 3 14 1993 1023       13
 3 14 1993 1040       14
 3 14 1993 1121       15
 3 14 1993 1127       16
 3 14 1993 1134       17
 3 14 1993 1140       18
 3 14 1993 1337       19
 3 14 1993 1342       20
 3 14 1993 1355       21
 3 14 1993 1401       22
 3 14 1993 1409       23
 3 14 1993 1421       24
 3 14 1993 1532       25
 3 14 1993 1541       26
 3 14 1993 1547       27
 3 14 1993 1621       28
 3 14 1993 1723       29
 3 14 1993 1733       30
 3 14 1993 1809       31
 3 14 1993 2208       32
 3 14 1993 2213       33
 3 14 1993 2220       34
 3 14 1993 2227       35
 3 14 1993 2241       36
 3 14 1993 2245       37
 3 14 1993 2248       38
 3 14 1993 2251       39
 3 14 1993 2257       40
 3 14 1993 2306       41
 3 14 1993 2323       42
 3 14 1993 2327       43
 3 14 1993 2346       44
 3 15 1993    8       45
 3 15 1993   20       46
 3 15 1993   29       47
 3 15 1993   44       48
 3 15 1993   59       49
 3 15 1993  100       50
 3 15 1993  101       51
 3 15 1993  102       52
 3 15 1993  103       53
 3 15 1993  105       54
 3 15 1993  110       55
 3 15 1993  113       56
 3 15 1993  139       57
 3 15 1993  218       58
 3 15 1993  341       59
 3 15 1993 1408       60
 3 15 1993 1417       61
 3 16 1993 1333       62
 3 16 1993 1355       63
 3 16 1993 1411       64
 3 16 1993 1424       65
 3 16 1993 1437       66
 3 16 1993 1448       67
 3 16 1993 1455       68
 3 16 1993 1506       69
 3 16 1993 1513       70
 3 16 1993 1529       71
 3 16 1993 1537       72
 3 16 1993 1542       73
 3 16 1993 1547       74
 3 16 1993 1557       75
 3 16 1993 1605       76
 3 16 1993 1609       77
 3 16 1993 1615       78
 3 16 1993 1622       79
 3 16 1993 1630       80
 3 16 1993 1635       81
 3 16 1993 1638       82
 3 16 1993 1641       83
 3 16 1993 1643       84
 3 16 1993 1644       85
 3 16 1993 1645       86
 3 16 1993 1648       87
 3 16 1993 1654       88
 3 16 1993 1701       89
 3 16 1993 1705       90
 3 16 1993 1708       91
 3 16 1993 1709       92
 3 16 1993 1712       93
 3 16 1993 1714       94
 3 16 1993 1718       95
 3 16 1993 1725       96
 3 16 1993 1733       97
 3 16 1993 1743       98
 3 16 1993 1749       99
 3 16 1993 1755      100
 3 16 1993 1804      101
 3 16 1993 1832      102
 3 17 1993 1144      103
 3 17 1993 1148      104
 3 17 1993 1158      105
 3 17 1993 1225      106
 3 17 1993 1240      107
 3 17 1993 1254      108
 3 17 1993 1317      109
 3 17 1993 1345      110
 3 17 1993 1412      111
 3 17 1993 1423      112
 3 17 1993 1457      113
 3 17 1993 1524      114
 3 17 1993 1558      115
 3 17 1993 1605      116
 3 17 1993 1611      117
 3 17 1993 1620      118
 3 17 1993 1628      119
 3 17 1993 1630      120
 3 17 1993 1810      121
 3 17 1993 2344      122
 3 19 1993 2122      123
 3 19 1993 2206      124
 3 19 1993 2220      125
 3 19 1993 2229      126
 3 19 1993 2251      127
 3 19 1993 2353      128
 3 20 1993   18      129
 3 20 1993   48      130
 3 20 1993  203      131
 3 20 1993  232      132
 3 20 1993  352      133
 3 20 1993 1543      134
 3 21 1993  103      135
 3 22 1993  451      136
 3 22 1993  523      137
 3 22 1993  536      138
 3 22 1993  551      139
 3 22 1993  609      140
 3 22 1993  634      141
 3 22 1993  639      142
 3 22 1993  650      143
 3 22 1993  700      144
 3 22 1993  735      145
 3 22 1993  756      146
 3 22 1993  803      147
 3 22 1993  813      148
 3 22 1993  828      149
 3 22 1993  846      150
 3 22 1993  938      151
 3 22 1993 1011      152
 3 22 1993 1022      153
 3 22 1993 1031      154
 3 22 1993 1045      155
 3 22 1993 1057      156
 3 22 1993 1316      157
 3 22 1993 1330      158
 3 22 1993 1409      159
 3 22 1993 1427      160
 3 22 1993 1443      161
 3 22 1993 1450      162
 3 22 1993 1459      163
 3 22 1993 1507      164
 3 22 1993 1518      165
 3 22 1993 1525      166
 3 22 1993 1535      167
 3 22 1993 1544      168
 3 22 1993 1559      169
 3 22 1993 1603      170
 3 22 1993 1609      171
 3 22 1993 1615      172
 3 22 1993 1625      173
 3 22 1993 1633      174
 3 22 1993 1639      175
 3 22 1993 1643      176
 3 22 1993 1649      177
 3 22 1993 1655      178
 3 22 1993 1704      179
 3 22 1993 1724      180
 3 22 1993 1754      181
 3 22 1993 1802      182
 3 22 1993 1817      183
 3 22 1993 1838      184
 3 22 1993 1849      185
 3 22 1993 1851      186
 3 22 1993 1856      187
 3 22 1993 1857      188
 3 22 1993 1903      189
 3 22 1993 1906      190
 3 22 1993 1908      191
 3 22 1993 1913      192
 3 22 1993 1916      193
 3 22 1993 1918      194
 3 22 1993 1920      195
 3 22 1993 1921      196
 3 22 1993 1922      197
 3 22 1993 1923      198
 3 22 1993 1924      199
 3 22 1993 1926      200
 3 22 1993 1928      201
 3 22 1993 1930      202
 3 22 1993 1933      203
 3 22 1993 1937      204
 3 22 1993 1941      205
 3 22 1993 1944      206
 3 22 1993 1946      207
 3 22 1993 1949      208
 3 22 1993 1952      209
 3 22 1993 1955      210
 3 22 1993 1958      211
 3 22 1993 2001      212
 3 22 1993 2004      213
 3 22 1993 2008      214
 3 22 1993 2011      215
 3 22 1993 2018      216
 3 22 1993 2024      217
 3 22 1993 2029      218
 3 22 1993 2039      219
 3 22 1993 2051      220
 3 22 1993 2057      221
 3 22 1993 2102      222
 3 22 1993 2106      223
 3 22 1993 2111      224
 3 22 1993 2124      225
 3 22 1993 2134      226
 3 22 1993 2141      227
 3 22 1993 2146      228
 3 22 1993 2151      229
 3 22 1993 2156      230
 3 22 1993 2200      231
 3 22 1993 2204      232
 3 22 1993 2208      233
 3 22 1993 2211      234
 3 22 1993 2214      235
 3 22 1993 2217      236
 3 22 1993 2220      237
 3 22 1993 2222      238
 3 22 1993 2225      239
 3 22 1993 2227      240
 3 22 1993 2231      241
 3 22 1993 2234      242
 3 22 1993 2238      243
 3 22 1993 2241      244
 3 22 1993 2245      245
 3 22 1993 2250      246
 3 22 1993 2256      247
 3 22 1993 2302      248
 3 22 1993 2309      249
 3 22 1993 2313      250
 3 22 1993 2317      251
 3 22 1993 2322      252
 3 22 1993 2336      253
 3 22 1993 2354      254
 3 23 1993   13      255
 3 23 1993   23      256
 3 23 1993  251      257
 3 23 1993  320      258
 3 23 1993  634      259
 3 23 1993  653      260
 3 23 1993  656      261
 3 23 1993  701      262
 3 23 1993  738      263
 3 23 1993 1059      264
 3 23 1993 1108      265
 3 23 1993 1110      266
 3 23 1993 1114      267
 3 23 1993 1118      268
 3 29 1993  718      269
 3 30 1993  850      270
 3 30 1993  859      271
 3 30 1993  907      272
 3 30 1993  927      273
 3 30 1993 1123      274
 3 31 1993 2144      275
 3 31 1993 2207      276
 3 31 1993 2226      277
 3 31 1993 2233      278
 3 31 1993 2241      279
 3 31 1993 2249      280
 3 31 1993 2259      281
 3 31 1993 2315      282
 3 31 1993 2328      283
 3 31 1993 2335      284
 3 31 1993 2339      285
 3 31 1993 2346      286
 3 31 1993 2354      287
 4  1 1993    3      288
 4  1 1993   23      289
 4  1 1993   50      290
 4  1 1993  100      291
 4  1 1993  104      292
 4  1 1993  110      293
 4  1 1993  115      294
 4  1 1993  123      295
 4  1 1993  134      296
 4  1 1993  156      297
 4  1 1993  219      298
 4  1 1993  247      299
 4  1 1993  300      300
 4  1 1993 1455      301
 4  1 1993 2309      302
 4  1 1993 2330      303
 4  1 1993 2337      304
 4  2 1993  313      305
 4  2 1993  758      306
 4  2 1993  847      307
 4  2 1993  925      308
 4  2 1993 1254      309
 4  2 1993 1308      310
 4  2 1993 1320      311
 4  2 1993 1330      312
 4  2 1993 1343      313
 4  2 1993 1353      314
 4  2 1993 1435      315
 4  2 1993 1452      316
 4  2 1993 1511      317
 4  2 1993 1518      318
 4  2 1993 1536      319
 4  2 1993 1604      320
 4  2 1993 1614      321
 4  2 1993 1622      322
 4  2 1993 1631      323
 4  2 1993 1643      324
 4  2 1993 1655      325
 4  2 1993 1707      326
 4  2 1993 1716      327
 4  2 1993 1724      328
 4  2 1993 1743      329
 4  3 1993  144      330
 4  3 1993  225      331
 4  3 1993  506      332
 4  3 1993  519      333
 4  3 1993  530      334
 4  3 1993  539      335
 4  3 1993  543      336
 4  3 1993  548      337
 4  3 1993  552      338
 4  3 1993  555      339
 4  3 1993  559      340
 4  3 1993  602      341
 4  3 1993  609      342
 4  3 1993  628      343
 4  3 1993  645      344
 4  3 1993  703      345
 4  3 1993  708      346
 4  3 1993  710      347
 4  3 1993  712      348
 4  3 1993  714      349
 4  3 1993  716      350
 4  3 1993  718      351
 4  3 1993  719      352
 4  3 1993  722      353
 4  3 1993  724      354
 4  3 1993  728      355
 4  3 1993  739      356
 4  3 1993  802      357
 4  3 1993  820      358
 4  3 1993  834      359
 4  3 1993  844      360
 4  3 1993  906      361
 4  3 1993  929      362
 4  3 1993  943      363
 4  3 1993  949      364
 4  3 1993 1004      365
 4  6 1993  342      366
 4  6 1993 1043      367
 4  6 1993 1121      368
