"PDE21199.DAT"
"DP-101  : Tipping bucket rain gage recorder"
"Processed file"
"File creation date   : 1999/12/30 at 11:07:20"
"By                   : DARIN"
"Start date           : 11-03-99-11:15"
"Interval             : N/A"
"Preset factor        : 01"
"Calibration factors: sensor 1 : 1  sensor 2 : 1"
"Location : LAKE LAWRENCE"
"Note : DEAD BATTERIES  "

"MT" "DY" "YR" "HHMM" "TOTAL   "

11  3 1999 1730        1
11  3 1999 1738        2
11  3 1999 1740        3
11  3 1999 1749        4
11  3 1999 1806        5
11  3 1999 1812        6
11  3 1999 1820        7
11  3 1999 1830        8
11  3 1999 1832        9
11  3 1999 1835       10
11  3 1999 1837       11
11  3 1999 1841       12
11  3 1999 1854       13
11  3 1999 1913       14
11  3 1999 1931       15
11  3 1999 1958       16
11  5 1999 1613       17
11  5 1999 1648       18
11  5 1999 1703       19
11  5 1999 1717       20
11  5 1999 1727       21
11  5 1999 1736       22
11  5 1999 1750       23
11  5 1999 1802       24
11  5 1999 1813       25
11  5 1999 1822       26
11  5 1999 1827       27
11  5 1999 1838       28
11  5 1999 1844       29
11  5 1999 1851       30
11  5 1999 1908       31
11  5 1999 1950       32
11  5 1999 2057       33
11  5 1999 2109       34
11  5 1999 2120       35
11  5 1999 2217       36
11  5 1999 2236       37
11  5 1999 2257       38
11  5 1999 2308       39
11  5 1999 2320       40
11  5 1999 2332       41
11  5 1999 2345       42
11  5 1999 2351       43
11  5 1999 2356       44
11  6 1999    1       45
11  6 1999    5       46
11  6 1999    9       47
11  6 1999   13       48
11  6 1999   18       49
11  6 1999   22       50
11  6 1999   27       51
11  6 1999   32       52
11  6 1999   48       53
11  6 1999  144       54
11  6 1999  200       55
11  6 1999  210       56
11  6 1999  221       57
11  6 1999  230       58
11  6 1999  240       59
11  6 1999  301       60
11  6 1999  440       61
11  8 1999  346       62
11  8 1999  357       63
11  8 1999  407       64
11  8 1999  415       65
11  8 1999  424       66
11  8 1999  426       67
11  8 1999  437       68
11  8 1999  826       69
11  8 1999  829       70
11  8 1999  831       71
11  8 1999  833       72
11  8 1999  900       73
11  8 1999  923       74
11  8 1999 1032       75
11  8 1999 1516       76
11  8 1999 2231       77
11  8 1999 2244       78
11  8 1999 2250       79
11  8 1999 2302       80
11  8 1999 2312       81
11  8 1999 2317       82
11  8 1999 2327       83
11  8 1999 2335       84
11  8 1999 2341       85
11  8 1999 2349       86
11  8 1999 2354       87
11  9 1999    0       88
11  9 1999    6       89
11  9 1999   12       90
11  9 1999   18       91
11  9 1999   25       92
11  9 1999   32       93
11  9 1999   44       94
11  9 1999   58       95
11  9 1999  112       96
11  9 1999  205       97
11  9 1999  609       98
11  9 1999  633       99
11  9 1999  656      100
11  9 1999  718      101
11  9 1999  729      102
11  9 1999  736      103
11  9 1999  748      104
11  9 1999  757      105
11  9 1999  803      106
11  9 1999  808      107
11  9 1999  813      108
11  9 1999  818      109
11  9 1999  822      110
11  9 1999  828      111
11  9 1999  839      112
11  9 1999  844      113
11  9 1999  850      114
11  9 1999  856      115
11  9 1999  902      116
11  9 1999  909      117
11  9 1999  924      118
11  9 1999  937      119
11  9 1999  950      120
11  9 1999 1005      121
11  9 1999 1033      122
11  9 1999 1132      123
11  9 1999 1155      124
11  9 1999 1205      125
11  9 1999 1215      126
11  9 1999 1225      127
11  9 1999 1246      128
11  9 1999 1258      129
11  9 1999 1309      130
11  9 1999 1323      131
11  9 1999 1340      132
11  9 1999 1405      133
11  9 1999 1442      134
11  9 1999 1540      135
11  9 1999 1616      136
11  9 1999 1748      137
11  9 1999 1825      138
11  9 1999 1839      139
11  9 1999 1846      140
11  9 1999 1855      141
11  9 1999 1901      142
11  9 1999 1907      143
11  9 1999 1919      144
11  9 1999 1928      145
11  9 1999 1935      146
11  9 1999 1938      147
11  9 1999 1942      148
11  9 1999 1946      149
11  9 1999 1950      150
11  9 1999 1954      151
11  9 1999 2001      152
11  9 1999 2007      153
11  9 1999 2011      154
11  9 1999 2016      155
11  9 1999 2021      156
11  9 1999 2032      157
11  9 1999 2045      158
11  9 1999 2052      159
11  9 1999 2058      160
11  9 1999 2104      161
11  9 1999 2112      162
11  9 1999 2122      163
11  9 1999 2134      164
11  9 1999 2147      165
11  9 1999 2207      166
11  9 1999 2218      167
11  9 1999 2228      168
11  9 1999 2241      169
11  9 1999 2305      170
11  9 1999 2323      171
11  9 1999 2335      172
11  9 1999 2342      173
11  9 1999 2344      174
11  9 1999 2346      175
11  9 1999 2347      176
11  9 1999 2348      177
11  9 1999 2350      178
11  9 1999 2353      179
11  9 1999 2355      180
11  9 1999 2359      181
11 10 1999    6      182
11 10 1999   10      183
11 10 1999   12      184
11 10 1999   14      185
11 10 1999   16      186
11 10 1999   17      187
11 10 1999   21      188
11 10 1999   29      189
11 10 1999   35      190
11 10 1999   41      191
11 10 1999   48      192
11 10 1999   51      193
11 10 1999   54      194
11 10 1999  120      195
11 10 1999  219      196
11 10 1999  240      197
11 10 1999  309      198
11 10 1999  317      199
11 10 1999  323      200
11 10 1999  333      201
11 10 1999  348      202
11 10 1999  356      203
11 10 1999  401      204
11 10 1999  407      205
11 10 1999  412      206
11 10 1999  420      207
11 10 1999  428      208
11 10 1999  437      209
11 10 1999  447      210
11 10 1999  517      211
11 10 1999  627      212
11 10 1999 1104      213
11 10 1999 1112      214
11 10 1999 1124      215
11 10 1999 1131      216
11 10 1999 1141      217
11 10 1999 1309      218
11 10 1999 1357      219
11 10 1999 1738      220
11 10 1999 1807      221
11 10 1999 1926      222
11 10 1999 1932      223
11 10 1999 1938      224
11 10 1999 1944      225
11 10 1999 1955      226
11 10 1999 2002      227
11 10 1999 2011      228
11 10 1999 2022      229
11 11 1999  348      230
11 11 1999  505      231
11 11 1999  529      232
11 11 1999  542      233
11 11 1999  600      234
11 11 1999  615      235
11 11 1999  627      236
11 11 1999  640      237
11 11 1999  708      238
11 11 1999  733      239
11 11 1999  751      240
11 11 1999  759      241
11 11 1999  806      242
11 11 1999  814      243
11 11 1999  828      244
11 11 1999  843      245
11 11 1999  855      246
11 11 1999  901      247
11 11 1999  907      248
11 11 1999  919      249
11 11 1999  937      250
11 11 1999  943      251
11 11 1999  953      252
11 11 1999 1022      253
11 11 1999 1046      254
11 11 1999 1102      255
11 11 1999 1308      256
11 11 1999 1328      257
11 11 1999 1357      258
11 11 1999 1706      259
11 11 1999 1710      260
11 11 1999 1712      261
11 11 1999 1715      262
11 11 1999 1718      263
11 11 1999 1725      264
11 11 1999 1731      265
11 11 1999 1735      266
11 11 1999 1738      267
11 11 1999 1740      268
11 11 1999 1745      269
11 11 1999 1747      270
11 11 1999 1750      271
11 11 1999 1754      272
11 11 1999 1758      273
11 11 1999 1802      274
11 11 1999 1807      275
11 11 1999 1812      276
11 11 1999 1818      277
11 11 1999 1824      278
11 11 1999 1832      279
11 11 1999 1844      280
11 11 1999 1848      281
11 11 1999 1858      282
11 11 1999 1900      283
11 11 1999 1903      284
11 11 1999 1905      285
11 11 1999 1908      286
11 11 1999 1910      287
11 11 1999 1913      288
11 11 1999 1920      289
11 11 1999 1926      290
11 11 1999 1940      291
11 11 1999 1950      292
11 11 1999 1954      293
11 11 1999 1959      294
11 11 1999 2007      295
11 11 1999 2012      296
11 11 1999 2016      297
11 11 1999 2020      298
11 11 1999 2033      299
11 11 1999 2041      300
11 11 1999 2051      301
11 11 1999 2057      302
11 11 1999 2107      303
11 11 1999 2110      304
11 11 1999 2113      305
11 11 1999 2116      306
11 11 1999 2118      307
11 11 1999 2122      308
11 11 1999 2127      309
11 11 1999 2133      310
11 11 1999 2136      311
11 11 1999 2139      312
11 11 1999 2146      313
11 11 1999 2152      314
11 11 1999 2154      315
11 11 1999 2157      316
11 11 1999 2159      317
11 11 1999 2201      318
11 11 1999 2203      319
11 11 1999 2207      320
11 11 1999 2211      321
11 11 1999 2215      322
11 11 1999 2218      323
11 11 1999 2220      324
11 11 1999 2222      325
11 11 1999 2225      326
11 11 1999 2227      327
11 11 1999 2228      328
11 11 1999 2230      329
11 11 1999 2232      330
11 11 1999 2234      331
11 11 1999 2236      332
11 11 1999 2241      333
11 11 1999 2246      334
11 11 1999 2252      335
11 11 1999 2257      336
11 11 1999 2259      337
11 11 1999 2302      338
11 11 1999 2307      339
11 11 1999 2315      340
11 11 1999 2323      341
11 11 1999 2329      342
11 11 1999 2332      343
11 11 1999 2334      344
11 11 1999 2340      345
11 11 1999 2356      346
11 11 1999 2358      347
11 11 1999 2359      348
11 12 1999    1      349
11 12 1999    4      350
11 12 1999    8      351
11 12 1999   14      352
11 12 1999   22      353
11 12 1999   34      354
11 12 1999   47      355
11 12 1999  103      356
11 12 1999  106      357
11 12 1999  111      358
11 12 1999  114      359
11 12 1999  117      360
11 12 1999  118      361
11 12 1999  121      362
11 12 1999  123      363
11 12 1999  124      364
11 12 1999  128      365
11 12 1999  133      366
11 12 1999  136      367
11 12 1999  140      368
11 12 1999  145      369
11 12 1999  152      370
11 12 1999  159      371
11 12 1999  213      372
11 12 1999  216      373
11 12 1999  220      374
11 12 1999  223      375
11 12 1999  228      376
11 12 1999  230      377
11 12 1999  231      378
11 12 1999  232      379
11 12 1999  234      380
11 12 1999  237      381
11 12 1999  245      382
11 12 1999  247      383
11 12 1999  250      384
11 12 1999  253      385
11 12 1999  256      386
11 12 1999  258      387
11 12 1999  259      388
11 12 1999  300      389
11 12 1999  301      390
11 12 1999  303      391
11 12 1999  305      392
11 12 1999  306      393
11 12 1999  308      394
11 12 1999  309      395
11 12 1999  311      396
11 12 1999  313      397
11 12 1999  315      398
11 12 1999  316      399
11 12 1999  318      400
11 12 1999  321      401
11 12 1999  323      402
11 12 1999  328      403
11 12 1999  331      404
11 12 1999  337      405
11 12 1999  341      406
11 12 1999  352      407
11 12 1999  406      408
11 12 1999  409      409
11 12 1999  412      410
11 12 1999  416      411
11 12 1999  434      412
11 12 1999  448      413
11 12 1999  504      414
11 12 1999  528      415
11 12 1999  546      416
11 12 1999  551      417
11 12 1999  554      418
11 12 1999  557      419
11 12 1999  600      420
11 12 1999  602      421
11 12 1999  604      422
11 12 1999  607      423
11 12 1999  609      424
11 12 1999  612      425
11 12 1999  616      426
11 12 1999  620      427
11 12 1999  624      428
11 12 1999  630      429
11 12 1999  637      430
11 12 1999  647      431
11 12 1999  659      432
11 12 1999  704      433
11 12 1999  706      434
11 12 1999  710      435
11 12 1999  714      436
11 12 1999  728      437
11 12 1999  732      438
11 12 1999  736      439
11 12 1999  740      440
11 12 1999  746      441
11 12 1999  752      442
11 12 1999  839      443
11 12 1999  848      444
11 12 1999  855      445
11 12 1999  900      446
11 12 1999  908      447
11 12 1999  933      448
11 12 1999  945      449
12 27 1999 1940      450
12 27 1999 2203      451
 2 11 1999  759      452
 2 11 1999 1023      453
 2 11 1999 1023      454
 2 11 1999 1023      455
 3 27 1999 2019      456
 3 27 1999 2231      457
 5 12 1999 1044      458
 5 12 1999 1047      459
 6 26 1999 2300      460
 8 11 1999  915      461
 8 11 1999 1256      462
 9 26 1999  108      463
 9 26 1999  120      464
 9 26 1999  508      465
 9 26 1999  732      466
11 10 1999 1744      467
12 26 1999  540      468
12 26 1999 2004      469
 2 10 1999  619      470
 2 10 1999  619      471
 3 27 1999 1828      472
 3 27 1999 1828      473
 5 12 1999  631      474
 5 12 1999 1028      475
 5 12 1999 1251      476
 5 12 1999 1303      477
 6 27 1999   51      478
 6 27 1999  103      479
 6 27 1999  108      480
 8 11 1999 1104      481
 9 25 1999 2316      482
 9 25 1999 2332      483
11 10 1999 1144      484
11 10 1999 1355      485
11 10 1999 1407      486
12 26 1999  155      487
12 26 1999  207      488
12 26 1999  212      489
 2  9 1999 1216      490
 2 10 1999  211      491
 2 10 1999  428      492
 2 10 1999  623      493
 3 27 1999 1827      494
 3 27 1999 1855      495
 5 12 1999  659      496
 5 12 1999  700      497
 6 26 1999 1715      498
 6 26 1999 1716      499
 6 26 1999 1719      500
 6 26 1999 1719      501
 8 11 1999  527      502
 8 11 1999 1316      503
 8 11 1999 1539      504
 8 11 1999 1723      505
 8 11 1999 1723      506
 8 11 1999 1935      507
 8 11 1999 1940      508
 9 26 1999  731      509
 9 26 1999  751      510
11 10 1999 2004      511
12 26 1999  619      512
12 26 1999 1000      513
 2  9 1999 2212      514
 2  9 1999 2224      515
 2 10 1999  212      516
 2 10 1999  436      517
 3 27 1999 1451      518
 3 27 1999 1831      519
 3 27 1999 1832      520
 3 27 1999 1848      521
 3 27 1999 2228      522
 3 28 1999   52      523
 5 12 1999 1107      524
 5 12 1999 1108      525
 6 26 1999 2320      526
 6 26 1999 2323      527
 8 11 1999 1128      528
 8 11 1999 1516      529
 8 11 1999 1747      530
 8 11 1999 2144      531
 8 11 1999 2147      532
 8 12 1999  128      533
 9 26 1999 1140      534
 9 26 1999 1403      535
 9 26 1999 1547      536
 9 26 1999 1943      537
