"PDE21296.DAT"
"DP-101  : Tipping bucket rain gage recorder"
"Processed file"
"File creation date   : 1997/01/14 at 11:16:11"
"By                   : Gary"
"Start date           : 11-22-96-14:01"
"Interval             : N/A"
"Preset factor        : 01"
"Calibration factors: sensor 1 : 1  sensor 2 : 1"
"Location : LAKE LAWRENCE BOAT LAUNCH"
"Note : "

"MT" "DY" "YR" "HHMM" "TOTAL   "

11 22 1996 1410        1
11 22 1996 1423        2
11 22 1996 1437        3
11 22 1996 1501        4
11 23 1996 1049        5
11 23 1996 1323        6
11 23 1996 1544        7
11 23 1996 1548        8
11 23 1996 1552        9
11 23 1996 1555       10
11 23 1996 1559       11
11 23 1996 1602       12
11 23 1996 1605       13
11 23 1996 1608       14
11 23 1996 1612       15
11 23 1996 1615       16
11 23 1996 1620       17
11 23 1996 1624       18
11 23 1996 1628       19
11 23 1996 1631       20
11 23 1996 1634       21
11 23 1996 1636       22
11 23 1996 1639       23
11 23 1996 1643       24
11 23 1996 1647       25
11 23 1996 1649       26
11 23 1996 1652       27
11 23 1996 1655       28
11 23 1996 1658       29
11 23 1996 1704       30
11 23 1996 1715       31
11 23 1996 1723       32
11 23 1996 1735       33
11 23 1996 1739       34
11 23 1996 1750       35
11 23 1996 1845       36
11 23 1996 1853       37
11 23 1996 1906       38
11 23 1996 1944       39
11 23 1996 1959       40
11 23 1996 2006       41
11 23 1996 2013       42
11 23 1996 2022       43
11 23 1996 2026       44
11 23 1996 2031       45
11 23 1996 2034       46
11 23 1996 2038       47
11 23 1996 2042       48
11 23 1996 2045       49
11 23 1996 2047       50
11 23 1996 2050       51
11 23 1996 2052       52
11 23 1996 2055       53
11 23 1996 2059       54
11 23 1996 2104       55
11 23 1996 2109       56
11 23 1996 2115       57
11 23 1996 2118       58
11 23 1996 2121       59
11 23 1996 2124       60
11 23 1996 2129       61
11 23 1996 2134       62
11 23 1996 2140       63
11 23 1996 2143       64
11 23 1996 2147       65
11 23 1996 2155       66
11 23 1996 2208       67
11 23 1996 2217       68
11 23 1996 2249       69
11 23 1996 2324       70
11 23 1996 2346       71
11 23 1996 2350       72
11 23 1996 2354       73
11 24 1996    0       74
11 24 1996    3       75
11 24 1996  130       76
11 24 1996  252       77
11 24 1996  258       78
11 24 1996  302       79
11 24 1996  316       80
11 24 1996  503       81
11 24 1996  512       82
11 24 1996  630       83
11 24 1996  729       84
11 24 1996 1319       85
11 24 1996 1324       86
11 24 1996 1328       87
11 24 1996 1330       88
11 24 1996 1333       89
11 24 1996 1335       90
11 24 1996 1337       91
11 24 1996 1338       92
11 24 1996 1339       93
11 24 1996 1340       94
11 24 1996 1342       95
11 24 1996 1343       96
11 24 1996 1345       97
11 24 1996 1347       98
11 24 1996 1349       99
11 24 1996 1350      100
11 24 1996 1353      101
11 24 1996 1355      102
11 24 1996 1358      103
11 24 1996 1400      104
11 24 1996 1403      105
11 24 1996 1405      106
11 24 1996 1408      107
11 24 1996 1410      108
11 24 1996 1413      109
11 24 1996 1415      110
11 24 1996 1419      111
11 24 1996 1427      112
11 24 1996 1741      113
11 24 1996 1745      114
11 24 1996 1748      115
11 24 1996 1750      116
11 24 1996 1754      117
11 24 1996 1817      118
11 24 1996 1841      119
11 24 1996 1900      120
11 24 1996 1930      121
11 24 1996 1940      122
11 24 1996 2222      123
11 24 1996 2349      124
11 25 1996  115      125
11 25 1996  137      126
11 25 1996  138      127
11 25 1996  139      128
11 25 1996  140      129
11 25 1996  141      130
11 25 1996  142      131
11 25 1996  144      132
11 25 1996  147      133
11 25 1996  150      134
11 25 1996  153      135
11 25 1996  157      136
11 25 1996  200      137
11 25 1996  204      138
11 25 1996  211      139
11 25 1996  218      140
11 25 1996  223      141
11 25 1996  229      142
11 25 1996  233      143
11 25 1996  431      144
11 25 1996  623      145
11 25 1996 1349      146
11 26 1996 2027      147
11 26 1996 2051      148
11 26 1996 2147      149
11 26 1996 2330      150
11 27 1996   29      151
11 27 1996   40      152
11 27 1996   45      153
11 27 1996   51      154
11 27 1996  109      155
11 27 1996  125      156
11 27 1996  533      157
11 27 1996  537      158
11 27 1996  539      159
11 27 1996  541      160
11 27 1996  543      161
11 27 1996  547      162
11 27 1996  550      163
11 27 1996  556      164
11 27 1996  559      165
11 27 1996  605      166
11 27 1996  612      167
11 27 1996  630      168
11 27 1996  639      169
11 27 1996  705      170
11 27 1996  730      171
11 27 1996  739      172
11 27 1996  746      173
11 27 1996  752      174
11 27 1996  800      175
11 27 1996  814      176
11 27 1996  825      177
11 27 1996  835      178
11 27 1996  847      179
11 27 1996  858      180
11 27 1996  916      181
11 27 1996  937      182
11 27 1996  952      183
11 27 1996 1021      184
11 27 1996 1034      185
11 27 1996 1044      186
11 27 1996 1053      187
11 27 1996 1102      188
11 27 1996 1112      189
11 27 1996 1123      190
11 27 1996 1131      191
11 27 1996 1136      192
11 27 1996 1145      193
11 27 1996 1157      194
11 27 1996 1205      195
11 27 1996 1209      196
11 27 1996 1212      197
11 27 1996 1215      198
11 27 1996 1218      199
11 27 1996 1221      200
11 27 1996 1234      201
11 27 1996 1237      202
11 27 1996 1241      203
11 27 1996 1245      204
11 27 1996 1250      205
11 27 1996 1253      206
11 27 1996 1257      207
11 27 1996 1301      208
11 27 1996 1304      209
11 27 1996 1307      210
11 27 1996 1314      211
11 27 1996 1316      212
11 27 1996 1319      213
11 27 1996 1322      214
11 27 1996 1324      215
11 27 1996 1327      216
11 27 1996 1331      217
11 27 1996 1339      218
11 27 1996 1343      219
11 27 1996 1348      220
11 27 1996 1352      221
11 27 1996 1355      222
11 27 1996 1412      223
11 27 1996 1422      224
11 27 1996 1430      225
11 27 1996 1439      226
11 27 1996 1445      227
11 27 1996 1449      228
11 27 1996 1453      229
11 27 1996 1457      230
11 27 1996 1511      231
11 27 1996 1545      232
11 27 1996 1630      233
11 27 1996 1639      234
11 27 1996 1643      235
11 27 1996 1647      236
11 27 1996 1654      237
11 27 1996 1658      238
11 27 1996 1704      239
11 27 1996 1710      240
11 27 1996 1727      241
11 27 1996 1737      242
11 27 1996 1739      243
11 27 1996 1741      244
11 27 1996 1743      245
11 27 1996 1745      246
11 27 1996 1747      247
11 27 1996 1748      248
11 27 1996 1750      249
11 27 1996 1753      250
11 27 1996 1756      251
11 27 1996 1759      252
11 27 1996 1804      253
11 27 1996 1815      254
11 27 1996 1842      255
11 27 1996 1911      256
11 27 1996 1914      257
11 27 1996 1954      258
11 27 1996 1956      259
11 27 1996 2126      260
11 27 1996 2134      261
11 27 1996 2137      262
11 27 1996 2140      263
11 27 1996 2143      264
11 27 1996 2145      265
11 27 1996 2147      266
11 27 1996 2153      267
11 27 1996 2210      268
11 27 1996 2228      269
11 27 1996 2235      270
11 27 1996 2241      271
11 27 1996 2242      272
11 27 1996 2243      273
11 27 1996 2250      274
11 28 1996  121      275
11 28 1996  132      276
11 28 1996  145      277
11 28 1996  154      278
11 28 1996  200      279
11 28 1996  202      280
11 28 1996  205      281
11 28 1996  208      282
11 28 1996  214      283
11 28 1996  219      284
11 28 1996  226      285
11 28 1996  236      286
11 28 1996  242      287
11 29 1996 1902      288
11 30 1996 1038      289
11 30 1996 1040      290
11 30 1996 1041      291
11 30 1996 1043      292
11 30 1996 1045      293
11 30 1996 1050      294
11 30 1996 1441      295
11 30 1996 1451      296
11 30 1996 1511      297
11 30 1996 1520      298
11 30 1996 1527      299
11 30 1996 1533      300
11 30 1996 1538      301
11 30 1996 1544      302
11 30 1996 1546      303
11 30 1996 1546      304
11 30 1996 1547      305
11 30 1996 1552      306
11 30 1996 1604      307
11 30 1996 1743      308
11 30 1996 1744      309
11 30 1996 1746      310
11 30 1996 1749      311
11 30 1996 1801      312
11 30 1996 2031      313
11 30 1996 2032      314
11 30 1996 2033      315
11 30 1996 2034      316
11 30 1996 2037      317
11 30 1996 2042      318
11 30 1996 2052      319
11 30 1996 2059      320
11 30 1996 2102      321
11 30 1996 2123      322
11 30 1996 2155      323
11 30 1996 2157      324
11 30 1996 2159      325
11 30 1996 2233      326
11 30 1996 2325      327
11 30 1996 2354      328
12  1 1996   12      329
12  1 1996   17      330
12  1 1996   20      331
12  1 1996   26      332
12  1 1996  101      333
12  1 1996  138      334
12  1 1996  300      335
12  1 1996  339      336
12  1 1996  355      337
12  1 1996  516      338
12  1 1996  602      339
12  1 1996  611      340
12  1 1996  638      341
12  1 1996  651      342
12  1 1996  722      343
12  1 1996  741      344
12  1 1996  826      345
12  1 1996  830      346
12  1 1996  833      347
12  1 1996 1317      348
12  1 1996 1321      349
12  1 1996 1332      350
12  1 1996 2218      351
12  1 1996 2223      352
12  1 1996 2226      353
12  1 1996 2236      354
12  2 1996  715      355
12  2 1996  728      356
12  2 1996  735      357
12  2 1996  741      358
12  2 1996  745      359
12  2 1996  749      360
12  2 1996  753      361
12  2 1996  756      362
12  2 1996  758      363
12  2 1996  800      364
12  2 1996  802      365
12  2 1996  805      366
12  2 1996  806      367
12  2 1996  807      368
12  2 1996  808      369
12  2 1996  809      370
12  2 1996  811      371
12  2 1996  813      372
12  2 1996  815      373
12  2 1996  817      374
12  2 1996  818      375
12  2 1996  820      376
12  2 1996  822      377
12  2 1996  823      378
12  2 1996  824      379
12  2 1996  826      380
12  2 1996  827      381
12  2 1996  829      382
12  2 1996  830      383
12  2 1996  832      384
12  2 1996  833      385
12  2 1996  835      386
12  2 1996  836      387
12  2 1996  837      388
12  2 1996  839      389
12  2 1996  841      390
12  2 1996  843      391
12  2 1996  846      392
12  2 1996  848      393
12  2 1996  851      394
12  2 1996  855      395
12  2 1996  857      396
12  2 1996  859      397
12  2 1996  902      398
12  2 1996  905      399
12  2 1996  908      400
12  2 1996  911      401
12  2 1996  915      402
12  2 1996  920      403
12  2 1996  924      404
12  2 1996  928      405
12  2 1996  933      406
12  2 1996  938      407
12  2 1996  946      408
12  2 1996  957      409
12  2 1996 1008      410
12  2 1996 1019      411
12  2 1996 1113      412
12  2 1996 1157      413
12  2 1996 1206      414
12  2 1996 1215      415
12  2 1996 1224      416
12  2 1996 1232      417
12  2 1996 1244      418
12  2 1996 1327      419
12  2 1996 1343      420
12  2 1996 1417      421
12  2 1996 1456      422
12  2 1996 1653      423
12  2 1996 1657      424
12  2 1996 1701      425
12  2 1996 1926      426
12  2 1996 1934      427
12  2 1996 1945      428
12  2 1996 2010      429
12  3 1996 1102      430
12  4 1996  731      431
12  4 1996  732      432
12  4 1996  732      433
12  4 1996  732      434
12  4 1996  732      435
12  4 1996  732      436
12  4 1996  732      437
12  4 1996  732      438
12  4 1996  733      439
12  4 1996  740      440
12  4 1996  744      441
12  4 1996  755      442
12  4 1996  802      443
12  4 1996  809      444
12  4 1996  815      445
12  4 1996  821      446
12  4 1996  828      447
12  4 1996  835      448
12  4 1996  843      449
12  4 1996  855      450
12  4 1996  903      451
12  4 1996  913      452
12  4 1996  920      453
12  4 1996  927      454
12  4 1996  936      455
12  4 1996  942      456
12  4 1996  946      457
12  4 1996  950      458
12  4 1996  955      459
12  4 1996  959      460
12  4 1996 1002      461
12  4 1996 1006      462
12  4 1996 1010      463
12  4 1996 1015      464
12  4 1996 1019      465
12  4 1996 1023      466
12  4 1996 1028      467
12  4 1996 1032      468
12  4 1996 1038      469
12  4 1996 1047      470
12  4 1996 1052      471
12  4 1996 1055      472
12  4 1996 1058      473
12  4 1996 1102      474
12  4 1996 1105      475
12  4 1996 1108      476
12  4 1996 1111      477
12  4 1996 1114      478
12  4 1996 1116      479
12  4 1996 1119      480
12  4 1996 1121      481
12  4 1996 1124      482
12  4 1996 1126      483
12  4 1996 1129      484
12  4 1996 1132      485
12  4 1996 1135      486
12  4 1996 1138      487
12  4 1996 1142      488
12  4 1996 1145      489
12  4 1996 1149      490
12  4 1996 1153      491
12  4 1996 1156      492
12  4 1996 1200      493
12  4 1996 1214      494
12  4 1996 1226      495
12  4 1996 1238      496
12  4 1996 1243      497
12  4 1996 1248      498
12  4 1996 1251      499
12  4 1996 1254      500
12  4 1996 1259      501
12  4 1996 1307      502
12  4 1996 1317      503
12  4 1996 1322      504
12  4 1996 1326      505
12  4 1996 1334      506
12  4 1996 1338      507
12  4 1996 1403      508
12  4 1996 1406      509
12  4 1996 1408      510
12  4 1996 1411      511
12  4 1996 1414      512
12  4 1996 1417      513
12  4 1996 1421      514
12  4 1996 1433      515
12  4 1996 1441      516
12  4 1996 1445      517
12  4 1996 1449      518
12  4 1996 1455      519
12  4 1996 1500      520
12  4 1996 1503      521
12  4 1996 1509      522
12  4 1996 1520      523
12  4 1996 1605      524
12  4 1996 1613      525
12  4 1996 1618      526
12  4 1996 1622      527
12  4 1996 1715      528
12  4 1996 1918      529
12  4 1996 1931      530
12  4 1996 2006      531
12  4 1996 2008      532
12  4 1996 2011      533
12  4 1996 2013      534
12  4 1996 2014      535
12  4 1996 2016      536
12  4 1996 2019      537
12  4 1996 2021      538
12  4 1996 2025      539
12  4 1996 2117      540
12  4 1996 2202      541
12  4 1996 2223      542
12  4 1996 2327      543
12  4 1996 2359      544
12  5 1996    2      545
12  5 1996    5      546
12  5 1996   10      547
12  5 1996   13      548
12  5 1996   15      549
12  5 1996   18      550
12  5 1996   19      551
12  5 1996   21      552
12  5 1996   25      553
12  5 1996   27      554
12  5 1996   32      555
12  5 1996  115      556
12  5 1996  125      557
12  5 1996  141      558
12  5 1996  327      559
12  5 1996  330      560
12  5 1996  333      561
12  5 1996  335      562
12  5 1996  338      563
12  5 1996  342      564
12  5 1996  347      565
12  5 1996  352      566
12  5 1996  355      567
12  5 1996  440      568
12  5 1996  609      569
12  5 1996  841      570
12  5 1996 1002      571
12  6 1996  124      572
12  6 1996  130      573
12  6 1996  135      574
12  6 1996  138      575
12  6 1996  144      576
12  6 1996  205      577
12  6 1996  650      578
12  6 1996  700      579
12  6 1996  707      580
12  6 1996  714      581
12  6 1996  719      582
12  6 1996  726      583
12  6 1996  843      584
12  6 1996  851      585
12  6 1996  854      586
12  6 1996  858      587
12  6 1996  902      588
12  6 1996  903      589
12  6 1996  905      590
12  6 1996  909      591
12  6 1996  912      592
12  6 1996  915      593
12  6 1996  923      594
12  6 1996 1006      595
12  6 1996 1048      596
12  6 1996 1051      597
12  6 1996 1054      598
12  6 1996 1056      599
12  6 1996 1059      600
12  6 1996 1101      601
12  7 1996  523      602
12  7 1996  646      603
12  7 1996  800      604
12  7 1996  901      605
12  7 1996  916      606
12  7 1996  924      607
12  7 1996  929      608
12  7 1996  935      609
12  7 1996  943      610
12  7 1996 1007      611
12  7 1996 1407      612
12  7 1996 1415      613
12  7 1996 2332      614
12  8 1996   16      615
12  8 1996   25      616
12  8 1996   34      617
12  8 1996   45      618
12  8 1996  100      619
12  8 1996  118      620
12  8 1996  138      621
12  8 1996  148      622
12  8 1996  156      623
12  8 1996  203      624
12  8 1996  211      625
12  8 1996  217      626
12  8 1996  221      627
12  8 1996  227      628
12  8 1996  232      629
12  8 1996  237      630
12  8 1996  242      631
12  8 1996  248      632
12  8 1996  252      633
12  8 1996  259      634
12  8 1996  305      635
12  8 1996  313      636
12  8 1996  324      637
12  8 1996  336      638
12  8 1996  346      639
12  8 1996  354      640
12  8 1996  402      641
12  8 1996  411      642
12  8 1996  418      643
12  8 1996  424      644
12  8 1996  428      645
12  8 1996  435      646
12  8 1996  442      647
12  8 1996  448      648
12  8 1996  453      649
12  8 1996  459      650
12  8 1996  505      651
12  8 1996  509      652
12  8 1996  514      653
12  8 1996  523      654
12  8 1996  530      655
12  8 1996  537      656
12  8 1996  551      657
12  8 1996  610      658
12  8 1996  622      659
12  8 1996  635      660
12  8 1996  644      661
12  8 1996  657      662
12  8 1996  718      663
12  8 1996  735      664
12  8 1996  742      665
12  8 1996  750      666
12  8 1996  757      667
12  8 1996  803      668
12  8 1996  811      669
12  8 1996  819      670
12  8 1996  827      671
12  8 1996  900      672
12  8 1996 1522      673
12  8 1996 1601      674
12  8 1996 1605      675
12  8 1996 1606      676
12  8 1996 1606      677
12  8 1996 1607      678
12  8 1996 1609      679
12  8 1996 1610      680
12  8 1996 1612      681
12  8 1996 1616      682
12  8 1996 1619      683
12  8 1996 1627      684
12  8 1996 1630      685
12  8 1996 1703      686
12  8 1996 1709      687
12  8 1996 1714      688
12  8 1996 1745      689
12  8 1996 1901      690
12  8 1996 1948      691
12  8 1996 2021      692
12  9 1996  258      693
12  9 1996 2053      694
12  9 1996 2114      695
12  9 1996 2151      696
12  9 1996 2306      697
12  9 1996 2354      698
12 10 1996   12      699
12 10 1996   42      700
12 10 1996   58      701
12 10 1996  126      702
12 10 1996  136      703
12 10 1996  143      704
12 10 1996  148      705
12 10 1996  154      706
12 10 1996  203      707
12 10 1996  212      708
12 10 1996  221      709
12 10 1996  228      710
12 10 1996  232      711
12 10 1996  241      712
12 10 1996  423      713
12 10 1996  431      714
12 10 1996  436      715
12 10 1996  441      716
12 10 1996  444      717
12 10 1996  446      718
12 10 1996  448      719
12 10 1996  452      720
12 10 1996  458      721
12 10 1996  503      722
12 10 1996  511      723
12 10 1996  516      724
12 10 1996  522      725
12 10 1996  531      726
12 10 1996  637      727
12 10 1996  815      728
12 10 1996  828      729
12 10 1996  835      730
12 10 1996  852      731
12 10 1996  922      732
12 10 1996 1335      733
12 10 1996 1339      734
12 10 1996 1342      735
12 10 1996 1344      736
12 10 1996 1345      737
12 10 1996 1348      738
12 10 1996 1350      739
12 10 1996 1353      740
12 10 1996 1358      741
12 10 1996 1425      742
12 10 1996 1529      743
12 10 1996 1539      744
12 10 1996 1541      745
12 10 1996 1544      746
12 10 1996 1549      747
12 10 1996 1600      748
12 10 1996 1623      749
12 10 1996 1702      750
12 10 1996 1738      751
12 10 1996 1749      752
12 10 1996 1922      753
12 10 1996 1953      754
12 10 1996 1957      755
12 10 1996 1959      756
12 10 1996 2001      757
12 10 1996 2003      758
12 10 1996 2005      759
12 10 1996 2007      760
12 10 1996 2008      761
12 10 1996 2009      762
12 10 1996 2015      763
12 10 1996 2216      764
12 11 1996  421      765
12 11 1996  446      766
12 11 1996  509      767
12 11 1996  528      768
12 11 1996 1914      769
12 11 1996 1939      770
12 11 1996 1953      771
12 11 1996 2006      772
12 11 1996 2024      773
12 11 1996 2041      774
12 11 1996 2057      775
12 11 1996 2126      776
12 11 1996 2252      777
12 11 1996 2318      778
12 11 1996 2338      779
12 12 1996    9      780
12 12 1996   14      781
12 12 1996   19      782
12 12 1996   23      783
12 12 1996   29      784
12 12 1996  118      785
12 12 1996  538      786
12 12 1996  748      787
12 12 1996  758      788
12 12 1996  809      789
12 12 1996  818      790
12 12 1996 1030      791
12 12 1996 1126      792
12 12 1996 1133      793
12 12 1996 1141      794
12 12 1996 1147      795
12 12 1996 1151      796
12 12 1996 1154      797
12 12 1996 1158      798
12 12 1996 1237      799
12 12 1996 2221      800
12 12 1996 2237      801
12 12 1996 2308      802
12 13 1996   41      803
12 13 1996  105      804
12 13 1996  119      805
12 13 1996  133      806
12 13 1996  142      807
12 13 1996  214      808
12 13 1996  231      809
12 13 1996  344      810
12 13 1996  508      811
12 13 1996  524      812
12 13 1996  528      813
12 13 1996  531      814
12 13 1996  535      815
12 13 1996  539      816
12 13 1996  541      817
12 13 1996  543      818
12 13 1996  545      819
12 13 1996  547      820
12 13 1996  550      821
12 13 1996  552      822
12 13 1996  555      823
12 13 1996  557      824
12 13 1996  559      825
12 13 1996  603      826
12 13 1996  605      827
12 13 1996  608      828
12 13 1996  612      829
12 13 1996  742      830
12 13 1996  755      831
12 13 1996  805      832
12 13 1996  824      833
12 13 1996  824      834
12 13 1996  825      835
12 13 1996  826      836
12 13 1996  834      837
12 13 1996  839      838
12 13 1996  841      839
12 13 1996  844      840
12 13 1996  846      841
12 13 1996  848      842
12 13 1996  856      843
12 13 1996  935      844
12 13 1996  938      845
12 13 1996  940      846
12 13 1996  942      847
12 13 1996  942      848
12 13 1996  943      849
12 13 1996  944      850
12 13 1996  944      851
12 13 1996  946      852
12 13 1996  947      853
12 13 1996  948      854
12 13 1996  950      855
12 13 1996 1048      856
12 13 1996 1133      857
12 13 1996 1145      858
12 13 1996 1148      859
12 13 1996 1150      860
12 13 1996 1154      861
12 13 1996 1158      862
12 13 1996 1322      863
12 13 1996 1612      864
12 13 1996 1619      865
12 13 1996 1626      866
12 13 1996 1637      867
12 13 1996 1726      868
12 13 1996 1729      869
12 13 1996 1731      870
12 13 1996 1732      871
12 13 1996 1733      872
12 13 1996 1734      873
12 13 1996 1734      874
12 13 1996 1735      875
12 13 1996 1736      876
12 13 1996 1737      877
12 13 1996 1739      878
12 13 1996 1803      879
12 14 1996 1750      880
12 16 1996  128      881
12 18 1996 1129      882
12 19 1996 1533      883
12 19 1996 1548      884
12 19 1996 1559      885
12 19 1996 1608      886
12 19 1996 1617      887
12 19 1996 1625      888
12 19 1996 1635      889
12 19 1996 1649      890
12 19 1996 1701      891
12 19 1996 1713      892
12 19 1996 1728      893
12 19 1996 1743      894
12 19 1996 1756      895
12 19 1996 1807      896
12 19 1996 1815      897
12 19 1996 1827      898
12 19 1996 1847      899
12 19 1996 1910      900
12 19 1996 1941      901
12 19 1996 2043      902
12 19 1996 2103      903
12 19 1996 2146      904
12 19 1996 2352      905
12 20 1996  247      906
12 20 1996  830      907
12 20 1996  844      908
12 20 1996 1028      909
12 20 1996 1033      910
12 20 1996 1036      911
12 20 1996 1038      912
12 20 1996 1038      913
12 20 1996 1040      914
12 20 1996 1041      915
12 20 1996 1042      916
12 20 1996 1044      917
12 20 1996 1046      918
12 20 1996 1048      919
12 20 1996 1050      920
12 20 1996 1052      921
12 20 1996 1053      922
12 20 1996 1054      923
12 20 1996 1056      924
12 20 1996 1057      925
12 20 1996 1059      926
12 20 1996 1101      927
12 20 1996 1103      928
12 20 1996 1104      929
12 20 1996 1106      930
12 20 1996 1108      931
12 20 1996 1110      932
12 20 1996 1111      933
12 20 1996 1113      934
12 20 1996 1116      935
12 20 1996 1120      936
12 20 1996 1122      937
12 20 1996 1124      938
12 20 1996 1127      939
12 20 1996 1129      940
12 20 1996 1131      941
12 20 1996 1134      942
12 20 1996 1137      943
12 20 1996 1140      944
12 20 1996 1145      945
12 20 1996 1224      946
12 20 1996 2117      947
12 20 1996 2206      948
12 20 1996 2335      949
12 20 1996 2351      950
12 21 1996    7      951
12 21 1996  118      952
12 21 1996  125      953
12 21 1996  137      954
12 21 1996  148      955
12 21 1996  154      956
12 21 1996  205      957
12 21 1996  216      958
12 21 1996  441      959
12 21 1996 1100      960
12 21 1996 1112      961
12 21 1996 1621      962
12 21 1996 1752      963
12 21 1996 1804      964
12 21 1996 1839      965
12 21 1996 1844      966
12 21 1996 1852      967
12 21 1996 1859      968
12 21 1996 1910      969
12 21 1996 1935      970
12 21 1996 1943      971
12 21 1996 1957      972
12 21 1996 2026      973
12 21 1996 2118      974
12 22 1996 2101      975
12 22 1996 2125      976
12 22 1996 2207      977
12 22 1996 2225      978
12 22 1996 2247      979
12 22 1996 2308      980
12 22 1996 2330      981
12 23 1996   48      982
12 23 1996  135      983
12 23 1996  223      984
12 23 1996  226      985
12 23 1996  232      986
12 23 1996  242      987
12 23 1996  254      988
12 23 1996  300      989
12 23 1996  309      990
12 23 1996  313      991
12 23 1996  348      992
12 23 1996  402      993
12 23 1996  408      994
12 23 1996  424      995
12 23 1996  437      996
12 23 1996  439      997
12 23 1996  442      998
12 23 1996  449      999
12 23 1996  519     1000
12 23 1996  550     1001
12 23 1996  552     1002
12 23 1996  554     1003
12 23 1996  603     1004
12 23 1996  927     1005
12 23 1996  943     1006
12 23 1996  959     1007
12 23 1996 1011     1008
12 23 1996 1023     1009
12 23 1996 1035     1010
12 23 1996 1043     1011
12 23 1996 1050     1012
12 23 1996 1053     1013
12 23 1996 1059     1014
12 23 1996 1111     1015
12 23 1996 1143     1016
12 23 1996 1446     1017
12 23 1996 1455     1018
12 23 1996 1518     1019
12 23 1996 1523     1020
12 23 1996 1525     1021
12 23 1996 1527     1022
12 23 1996 1530     1023
12 23 1996 1533     1024
12 23 1996 1535     1025
12 23 1996 1541     1026
12 24 1996  335     1027
12 24 1996  453     1028
12 24 1996  559     1029
12 24 1996  618     1030
12 24 1996  632     1031
12 24 1996  646     1032
12 24 1996  655     1033
12 24 1996  702     1034
12 24 1996  710     1035
12 24 1996  718     1036
12 24 1996  727     1037
12 24 1996  736     1038
12 24 1996  747     1039
12 24 1996  757     1040
12 24 1996  809     1041
12 24 1996  818     1042
12 24 1996  826     1043
12 24 1996  835     1044
12 24 1996  849     1045
12 24 1996  902     1046
12 24 1996  918     1047
12 24 1996  949     1048
12 24 1996 1016     1049
12 24 1996 1058     1050
12 24 1996 1108     1051
12 24 1996 1124     1052
12 24 1996 1135     1053
12 24 1996 1143     1054
12 24 1996 1150     1055
12 24 1996 1156     1056
12 24 1996 1202     1057
12 24 1996 1208     1058
12 24 1996 1212     1059
12 24 1996 1217     1060
12 24 1996 1223     1061
12 24 1996 1228     1062
12 24 1996 1233     1063
12 24 1996 1238     1064
12 24 1996 1244     1065
12 24 1996 1250     1066
12 24 1996 1255     1067
12 24 1996 1258     1068
12 24 1996 1302     1069
12 24 1996 1306     1070
12 24 1996 1309     1071
12 24 1996 1313     1072
12 24 1996 1318     1073
12 24 1996 1323     1074
12 24 1996 1328     1075
12 24 1996 1333     1076
12 24 1996 1337     1077
12 24 1996 1341     1078
12 24 1996 1344     1079
12 24 1996 1347     1080
12 24 1996 1351     1081
12 24 1996 1355     1082
12 24 1996 1358     1083
12 24 1996 1401     1084
12 24 1996 1405     1085
12 24 1996 1409     1086
12 24 1996 1412     1087
12 24 1996 1415     1088
12 24 1996 1418     1089
12 24 1996 1422     1090
12 24 1996 1429     1091
12 24 1996 1443     1092
12 24 1996 1448     1093
12 24 1996 1452     1094
12 24 1996 1456     1095
12 24 1996 1501     1096
12 24 1996 1504     1097
12 24 1996 1507     1098
12 24 1996 1510     1099
12 24 1996 1515     1100
12 24 1996 1523     1101
12 24 1996 1539     1102
12 24 1996 1546     1103
12 24 1996 1550     1104
12 24 1996 1557     1105
12 24 1996 1608     1106
12 24 1996 1614     1107
12 24 1996 1619     1108
12 24 1996 1623     1109
12 24 1996 1627     1110
12 24 1996 1631     1111
12 24 1996 1634     1112
12 24 1996 1637     1113
12 24 1996 1639     1114
12 24 1996 1642     1115
12 24 1996 1645     1116
12 24 1996 1648     1117
12 24 1996 1651     1118
12 24 1996 1654     1119
12 24 1996 1658     1120
12 24 1996 1701     1121
12 24 1996 1705     1122
12 24 1996 1709     1123
12 24 1996 1712     1124
12 24 1996 1714     1125
12 24 1996 1716     1126
12 24 1996 1719     1127
12 24 1996 1722     1128
12 24 1996 1727     1129
12 24 1996 1731     1130
12 24 1996 1734     1131
12 24 1996 1738     1132
12 24 1996 1741     1133
12 24 1996 1745     1134
12 24 1996 1748     1135
12 24 1996 1751     1136
12 24 1996 1755     1137
12 24 1996 1759     1138
12 24 1996 1803     1139
12 24 1996 1808     1140
12 24 1996 1811     1141
12 24 1996 1813     1142
12 24 1996 1816     1143
12 24 1996 1820     1144
12 24 1996 1825     1145
12 24 1996 1829     1146
12 24 1996 1832     1147
12 24 1996 1834     1148
12 24 1996 1836     1149
12 24 1996 1840     1150
12 24 1996 1842     1151
12 24 1996 1845     1152
12 24 1996 1848     1153
12 24 1996 1852     1154
12 24 1996 1855     1155
12 24 1996 1857     1156
12 24 1996 1859     1157
12 24 1996 1902     1158
12 24 1996 1907     1159
12 24 1996 1910     1160
12 24 1996 1913     1161
12 24 1996 1917     1162
12 24 1996 1922     1163
12 24 1996 1926     1164
12 24 1996 1931     1165
12 24 1996 1936     1166
12 24 1996 1938     1167
12 24 1996 1940     1168
12 24 1996 1944     1169
12 24 1996 1951     1170
12 24 1996 1955     1171
12 24 1996 1959     1172
12 24 1996 2003     1173
12 24 1996 2006     1174
12 24 1996 2010     1175
12 24 1996 2013     1176
12 24 1996 2019     1177
12 24 1996 2027     1178
12 24 1996 2034     1179
12 24 1996 2042     1180
12 24 1996 2050     1181
12 24 1996 2055     1182
12 24 1996 2103     1183
12 24 1996 2107     1184
12 24 1996 2112     1185
12 24 1996 2118     1186
12 24 1996 2125     1187
12 24 1996 2134     1188
12 24 1996 2142     1189
12 24 1996 2149     1190
12 24 1996 2200     1191
12 24 1996 2214     1192
12 24 1996 2233     1193
12 24 1996 2243     1194
12 24 1996 2301     1195
12 24 1996 2322     1196
12 25 1996   17     1197
12 25 1996  101     1198
12 25 1996  148     1199
12 25 1996  251     1200
12 25 1996  451     1201
12 26 1996 1212     1202
12 26 1996 1251     1203
12 26 1996 1306     1204
12 26 1996 1321     1205
12 26 1996 1330     1206
12 26 1996 1340     1207
12 26 1996 1347     1208
12 26 1996 1356     1209
12 26 1996 1402     1210
12 26 1996 1410     1211
12 26 1996 1415     1212
12 26 1996 1422     1213
12 26 1996 1426     1214
12 26 1996 1433     1215
12 26 1996 1437     1216
12 26 1996 1443     1217
12 26 1996 1447     1218
12 26 1996 1453     1219
12 26 1996 1457     1220
12 26 1996 1503     1221
12 26 1996 1507     1222
12 26 1996 1513     1223
12 26 1996 1517     1224
12 26 1996 1522     1225
12 26 1996 1527     1226
12 26 1996 1532     1227
12 26 1996 1536     1228
12 26 1996 1541     1229
12 26 1996 1545     1230
12 26 1996 1550     1231
12 26 1996 1553     1232
12 26 1996 1558     1233
12 26 1996 1602     1234
12 26 1996 1607     1235
12 26 1996 1610     1236
12 26 1996 1615     1237
12 26 1996 1619     1238
12 26 1996 1624     1239
12 26 1996 1627     1240
12 26 1996 1632     1241
12 26 1996 1636     1242
12 26 1996 1641     1243
12 26 1996 1645     1244
12 26 1996 1650     1245
12 26 1996 1653     1246
12 26 1996 1659     1247
12 26 1996 1703     1248
12 26 1996 1708     1249
12 26 1996 1711     1250
12 26 1996 1717     1251
12 26 1996 1722     1252
12 26 1996 1728     1253
12 26 1996 1734     1254
12 26 1996 1741     1255
12 26 1996 1746     1256
12 26 1996 1754     1257
12 26 1996 1802     1258
12 26 1996 1814     1259
12 26 1996 1823     1260
12 26 1996 1835     1261
12 26 1996 1843     1262
12 26 1996 1853     1263
12 26 1996 1900     1264
12 26 1996 1911     1265
12 26 1996 1917     1266
12 26 1996 1925     1267
12 26 1996 1930     1268
12 26 1996 1941     1269
12 26 1996 1948     1270
12 26 1996 1957     1271
12 26 1996 2005     1272
12 26 1996 2015     1273
12 26 1996 2024     1274
12 26 1996 2037     1275
12 26 1996 2048     1276
12 27 1996   53     1277
12 27 1996  132     1278
12 27 1996  216     1279
12 27 1996  243     1280
12 27 1996  320     1281
12 27 1996  336     1282
12 27 1996  348     1283
12 27 1996  355     1284
12 27 1996  401     1285
12 27 1996  405     1286
12 27 1996  409     1287
12 27 1996  411     1288
12 27 1996  414     1289
12 27 1996  417     1290
12 27 1996  419     1291
12 27 1996  421     1292
12 27 1996  424     1293
12 27 1996  427     1294
12 27 1996  431     1295
12 27 1996  434     1296
12 27 1996  436     1297
12 27 1996  438     1298
12 27 1996  439     1299
12 27 1996  441     1300
12 27 1996  443     1301
12 27 1996  444     1302
12 27 1996  444     1303
12 27 1996  445     1304
12 27 1996  445     1305
12 27 1996  446     1306
12 27 1996  446     1307
12 27 1996  447     1308
12 27 1996  448     1309
12 27 1996  448     1310
12 27 1996  449     1311
12 27 1996  449     1312
12 27 1996  450     1313
12 27 1996  451     1314
12 27 1996  451     1315
12 27 1996  452     1316
12 27 1996  453     1317
12 27 1996  455     1318
12 27 1996  458     1319
12 27 1996  501     1320
12 27 1996  503     1321
12 27 1996  506     1322
12 27 1996  508     1323
12 27 1996  511     1324
12 27 1996  514     1325
12 27 1996  516     1326
12 27 1996  519     1327
12 27 1996  522     1328
12 27 1996  525     1329
12 27 1996  528     1330
12 27 1996  532     1331
12 27 1996  539     1332
12 27 1996  548     1333
12 27 1996  644     1334
12 27 1996  649     1335
12 27 1996  654     1336
12 27 1996  700     1337
12 27 1996  710     1338
12 27 1996  958     1339
12 27 1996 1018     1340
12 27 1996 1155     1341
12 29 1996 1024     1342
12 29 1996 1028     1343
12 29 1996 1029     1344
12 29 1996 1030     1345
12 29 1996 1030     1346
12 29 1996 1030     1347
12 29 1996 1031     1348
12 29 1996 1031     1349
12 29 1996 1031     1350
12 29 1996 1031     1351
12 29 1996 1031     1352
12 29 1996 1032     1353
12 29 1996 1032     1354
12 29 1996 1032     1355
12 29 1996 1032     1356
12 29 1996 1032     1357
12 29 1996 1032     1358
12 29 1996 1032     1359
12 29 1996 1032     1360
12 29 1996 1032     1361
12 29 1996 1032     1362
12 29 1996 1033     1363
12 29 1996 1033     1364
12 29 1996 1033     1365
12 29 1996 1033     1366
12 29 1996 1033     1367
12 29 1996 1033     1368
12 29 1996 1033     1369
12 29 1996 1033     1370
12 29 1996 1033     1371
12 29 1996 1033     1372
12 29 1996 1033     1373
12 29 1996 1033     1374
12 29 1996 1033     1375
12 29 1996 1033     1376
12 29 1996 1033     1377
12 29 1996 1033     1378
12 29 1996 1033     1379
12 29 1996 1033     1380
12 29 1996 1033     1381
12 29 1996 1033     1382
12 29 1996 1033     1383
12 29 1996 1033     1384
12 29 1996 1033     1385
12 29 1996 1033     1386
12 29 1996 1033     1387
12 29 1996 1033     1388
12 29 1996 1033     1389
12 29 1996 1033     1390
12 29 1996 1033     1391
12 29 1996 1033     1392
12 29 1996 1033     1393
12 29 1996 1033     1394
12 29 1996 1033     1395
12 29 1996 1033     1396
12 29 1996 1033     1397
12 29 1996 1037     1398
12 29 1996 1039     1399
12 29 1996 1040     1400
12 29 1996 1041     1401
12 29 1996 1043     1402
12 29 1996 1044     1403
12 29 1996 1045     1404
12 29 1996 1046     1405
12 29 1996 1047     1406
12 29 1996 1048     1407
12 29 1996 1049     1408
12 29 1996 1049     1409
12 29 1996 1050     1410
12 29 1996 1051     1411
12 29 1996 1052     1412
12 29 1996 1053     1413
12 29 1996 1054     1414
12 29 1996 1055     1415
12 29 1996 1056     1416
12 29 1996 1057     1417
12 29 1996 1058     1418
12 29 1996 1059     1419
12 29 1996 1101     1420
12 29 1996 1102     1421
12 29 1996 1103     1422
12 29 1996 1104     1423
12 29 1996 1105     1424
12 29 1996 1106     1425
12 29 1996 1107     1426
12 29 1996 1108     1427
12 29 1996 1109     1428
12 29 1996 1110     1429
12 29 1996 1111     1430
12 29 1996 1112     1431
12 29 1996 1114     1432
12 29 1996 1117     1433
12 29 1996 1118     1434
12 29 1996 1120     1435
12 29 1996 1121     1436
12 29 1996 1122     1437
12 29 1996 1123     1438
12 29 1996 1124     1439
12 29 1996 1125     1440
12 29 1996 1126     1441
12 29 1996 1127     1442
12 29 1996 1128     1443
12 29 1996 1129     1444
12 29 1996 1130     1445
12 29 1996 1132     1446
12 29 1996 1133     1447
12 29 1996 1134     1448
12 29 1996 1135     1449
12 29 1996 1136     1450
12 29 1996 1137     1451
12 29 1996 1138     1452
12 29 1996 1139     1453
12 29 1996 1140     1454
12 29 1996 1142     1455
12 29 1996 1144     1456
12 29 1996 1145     1457
12 29 1996 1146     1458
12 29 1996 1148     1459
12 29 1996 1150     1460
12 29 1996 1153     1461
12 29 1996 1158     1462
12 29 1996 1200     1463
12 29 1996 1202     1464
12 29 1996 1204     1465
12 29 1996 1205     1466
12 29 1996 1206     1467
12 29 1996 1207     1468
12 29 1996 1209     1469
12 29 1996 1211     1470
12 29 1996 1213     1471
12 29 1996 1215     1472
12 29 1996 1216     1473
12 29 1996 1220     1474
12 29 1996 1223     1475
12 29 1996 1227     1476
12 29 1996 1232     1477
12 29 1996 1233     1478
12 29 1996 1235     1479
12 29 1996 1238     1480
12 29 1996 1240     1481
12 29 1996 1242     1482
12 29 1996 1244     1483
12 29 1996 1247     1484
12 29 1996 1250     1485
12 29 1996 1254     1486
12 29 1996 1256     1487
12 29 1996 1305     1488
12 29 1996 1312     1489
12 29 1996 1320     1490
12 29 1996 1328     1491
12 29 1996 1330     1492
12 29 1996 1332     1493
12 29 1996 1336     1494
12 29 1996 1340     1495
12 29 1996 1345     1496
12 29 1996 1351     1497
12 29 1996 1354     1498
12 29 1996 1400     1499
12 29 1996 1413     1500
12 29 1996 1416     1501
12 29 1996 1418     1502
12 29 1996 1421     1503
12 29 1996 1425     1504
12 29 1996 1431     1505
12 29 1996 1436     1506
12 29 1996 1541     1507
12 29 1996 1911     1508
12 29 1996 1947     1509
12 29 1996 2000     1510
12 29 1996 2004     1511
12 29 1996 2022     1512
12 29 1996 2030     1513
12 29 1996 2037     1514
12 29 1996 2048     1515
12 29 1996 2049     1516
12 29 1996 2050     1517
12 29 1996 2056     1518
12 29 1996 2100     1519
12 29 1996 2103     1520
12 29 1996 2104     1521
12 29 1996 2105     1522
12 29 1996 2106     1523
12 29 1996 2109     1524
12 29 1996 2115     1525
12 29 1996 2132     1526
12 29 1996 2146     1527
12 29 1996 2148     1528
12 29 1996 2149     1529
12 29 1996 2151     1530
12 29 1996 2159     1531
12 29 1996 2201     1532
12 29 1996 2205     1533
12 29 1996 2209     1534
12 29 1996 2212     1535
12 29 1996 2213     1536
12 29 1996 2214     1537
12 29 1996 2215     1538
12 29 1996 2217     1539
12 29 1996 2220     1540
12 29 1996 2223     1541
12 29 1996 2226     1542
12 29 1996 2233     1543
12 29 1996 2238     1544
12 29 1996 2248     1545
12 29 1996 2248     1546
12 29 1996 2249     1547
12 29 1996 2251     1548
12 29 1996 2258     1549
12 29 1996 2305     1550
12 29 1996 2325     1551
12 30 1996  102     1552
12 30 1996  108     1553
12 30 1996  111     1554
12 30 1996  115     1555
12 30 1996  131     1556
12 30 1996  200     1557
12 30 1996  307     1558
12 30 1996  452     1559
12 30 1996  458     1560
12 30 1996  505     1561
12 30 1996  513     1562
12 30 1996  516     1563
12 30 1996  543     1564
12 30 1996  553     1565
12 30 1996  600     1566
12 30 1996  638     1567
12 30 1996  703     1568
12 30 1996  711     1569
12 30 1996  723     1570
12 30 1996  814     1571
12 30 1996  852     1572
12 30 1996  907     1573
12 30 1996  919     1574
12 30 1996  928     1575
12 30 1996  937     1576
12 30 1996  950     1577
12 30 1996 1637     1578
12 30 1996 1706     1579
12 30 1996 1714     1580
12 30 1996 1719     1581
12 30 1996 1724     1582
12 30 1996 1729     1583
12 30 1996 1736     1584
12 30 1996 1753     1585
12 30 1996 1814     1586
12 30 1996 1842     1587
12 30 1996 2001     1588
12 30 1996 2214     1589
12 30 1996 2229     1590
12 30 1996 2248     1591
12 30 1996 2305     1592
12 30 1996 2311     1593
12 30 1996 2316     1594
12 30 1996 2318     1595
12 30 1996 2320     1596
12 30 1996 2322     1597
12 30 1996 2325     1598
12 30 1996 2338     1599
12 31 1996    5     1600
12 31 1996   33     1601
12 31 1996  108     1602
12 31 1996  116     1603
12 31 1996  123     1604
12 31 1996  140     1605
12 31 1996  200     1606
12 31 1996  231     1607
12 31 1996  238     1608
12 31 1996  258     1609
12 31 1996  316     1610
12 31 1996  326     1611
12 31 1996  335     1612
12 31 1996 1111     1613
12 31 1996 1122     1614
12 31 1996 1136     1615
12 31 1996 1144     1616
12 31 1996 1153     1617
12 31 1996 1206     1618
12 31 1996 1220     1619
12 31 1996 1230     1620
12 31 1996 1242     1621
12 31 1996 1305     1622
12 31 1996 1315     1623
12 31 1996 1321     1624
12 31 1996 1326     1625
12 31 1996 1336     1626
12 31 1996 1342     1627
12 31 1996 1348     1628
12 31 1996 1351     1629
12 31 1996 1354     1630
12 31 1996 1359     1631
12 31 1996 1405     1632
12 31 1996 1408     1633
12 31 1996 1412     1634
12 31 1996 1417     1635
12 31 1996 1425     1636
12 31 1996 1430     1637
12 31 1996 1435     1638
12 31 1996 1438     1639
12 31 1996 1444     1640
12 31 1996 1450     1641
12 31 1996 1456     1642
12 31 1996 1501     1643
12 31 1996 1506     1644
12 31 1996 1511     1645
12 31 1996 1517     1646
12 31 1996 1523     1647
12 31 1996 1528     1648
12 31 1996 1531     1649
12 31 1996 1537     1650
12 31 1996 1542     1651
12 31 1996 1554     1652
12 31 1996 1609     1653
12 31 1996 1626     1654
12 31 1996 1640     1655
12 31 1996 1759     1656
12 31 1996 1808     1657
12 31 1996 1821     1658
12 31 1996 1835     1659
12 31 1996 1842     1660
12 31 1996 1847     1661
12 31 1996 1852     1662
12 31 1996 1857     1663
12 31 1996 1902     1664
12 31 1996 1905     1665
12 31 1996 1908     1666
12 31 1996 1911     1667
12 31 1996 1914     1668
12 31 1996 1916     1669
12 31 1996 1920     1670
12 31 1996 1923     1671
12 31 1996 1927     1672
12 31 1996 1930     1673
12 31 1996 1936     1674
12 31 1996 1940     1675
12 31 1996 1944     1676
12 31 1996 1948     1677
12 31 1996 1954     1678
12 31 1996 1958     1679
12 31 1996 2003     1680
12 31 1996 2007     1681
12 31 1996 2012     1682
12 31 1996 2015     1683
12 31 1996 2018     1684
12 31 1996 2020     1685
12 31 1996 2022     1686
12 31 1996 2024     1687
12 31 1996 2026     1688
12 31 1996 2028     1689
12 31 1996 2030     1690
12 31 1996 2033     1691
12 31 1996 2037     1692
12 31 1996 2040     1693
12 31 1996 2044     1694
12 31 1996 2046     1695
12 31 1996 2048     1696
12 31 1996 2049     1697
12 31 1996 2050     1698
12 31 1996 2050     1699
12 31 1996 2051     1700
12 31 1996 2051     1701
12 31 1996 2052     1702
12 31 1996 2052     1703
12 31 1996 2052     1704
12 31 1996 2053     1705
12 31 1996 2053     1706
12 31 1996 2054     1707
12 31 1996 2055     1708
12 31 1996 2057     1709
12 31 1996 2058     1710
12 31 1996 2058     1711
12 31 1996 2059     1712
12 31 1996 2100     1713
12 31 1996 2102     1714
12 31 1996 2107     1715
12 31 1996 2116     1716
12 31 1996 2119     1717
12 31 1996 2125     1718
12 31 1996 2142     1719
12 31 1996 2151     1720
12 31 1996 2154     1721
12 31 1996 2157     1722
12 31 1996 2200     1723
 1  1 1996   57     1724
 1  1 1996  120     1725
 1  1 1996  137     1726
 1  1 1996  141     1727
 1  1 1996  151     1728
 1  1 1996  157     1729
 1  1 1996  203     1730
 1  1 1996  208     1731
 1  1 1996  210     1732
 1  1 1996  213     1733
 1  1 1996  216     1734
 1  1 1996  218     1735
 1  1 1996  220     1736
 1  1 1996  224     1737
 1  1 1996  227     1738
 1  1 1996  233     1739
 1  1 1996  242     1740
 1  1 1996  312     1741
 1  1 1996  322     1742
 1  1 1996  336     1743
 1  1 1996  453     1744
 1  1 1996  459     1745
 1  1 1996  640     1746
 1  1 1996  652     1747
 1  1 1996  707     1748
 1  1 1996  711     1749
 1  1 1996  714     1750
 1  1 1996  728     1751
 1  1 1996  748     1752
 1  1 1996  749     1753
 1  1 1996  751     1754
 1  1 1996  752     1755
 1  1 1996  753     1756
 1  1 1996  755     1757
 1  1 1996  757     1758
 1  1 1996  759     1759
 1  1 1996  802     1760
 1  1 1996  804     1761
 1  1 1996  816     1762
 1  1 1996  820     1763
 1  1 1996  828     1764
 1  1 1996  830     1765
 1  1 1996  835     1766
 1  1 1996  840     1767
 1  1 1996  842     1768
 1  1 1996  845     1769
 1  1 1996  847     1770
 1  1 1996  848     1771
 1  1 1996  850     1772
 1  1 1996  851     1773
 1  1 1996  853     1774
 1  1 1996  854     1775
 1  1 1996  856     1776
 1  1 1996  859     1777
 1  1 1996  901     1778
 1  1 1996  903     1779
 1  1 1996  905     1780
 1  1 1996  906     1781
 1  1 1996  908     1782
 1  1 1996  910     1783
 1  1 1996  912     1784
 1  1 1996  913     1785
 1  1 1996  914     1786
 1  1 1996  916     1787
 1  1 1996  917     1788
 1  1 1996  918     1789
 1  1 1996  920     1790
 1  1 1996  921     1791
 1  1 1996  923     1792
 1  1 1996  925     1793
 1  1 1996  927     1794
 1  1 1996  936     1795
 1  1 1996  951     1796
 1  1 1996 1115     1797
 1  1 1996 1124     1798
 1  1 1996 1130     1799
 1  1 1996 1135     1800
 1  1 1996 1138     1801
 1  1 1996 1140     1802
 1  1 1996 1142     1803
 1  1 1996 1145     1804
 1  1 1996 1149     1805
 1  1 1996 1151     1806
 1  1 1996 1153     1807
