"pde20294.dat"
"DP-101  : Tipping bucket rain gage recorder"
"Processed file"
"File creation date   : 1994/03/22 at 11:33:47"
"By                   : kirk "
"Start date           : 02-08-94-11:00"
"Interval             : N/A"
"Preset factor        : 01"
"Calibration factors: sensor 1 : 1  sensor 2 : 1"
"Location : Courthouse"
"Note : "

"MT" "DY" "YR" "HHMM" "TOTAL   "

 2  9 1994  150        1
 2  9 1994  219        2
 2  9 1994  259        3
 2  9 1994  502        4
 2  9 1994  631        5
 2  9 1994  904        6
 2  9 1994 1206        7
 2  9 1994 1256        8
 2  9 1994 1302        9
 2  9 1994 1725       10
 2  9 1994 1729       11
 2 10 1994  228       12
 2 12 1994 2317       13
 2 13 1994  100       14
 2 13 1994  129       15
 2 13 1994  152       16
 2 13 1994  216       17
 2 13 1994  242       18
 2 13 1994  302       19
 2 13 1994  307       20
 2 13 1994  313       21
 2 13 1994  318       22
 2 13 1994  325       23
 2 13 1994  329       24
 2 13 1994  332       25
 2 13 1994  335       26
 2 13 1994  338       27
 2 13 1994  341       28
 2 13 1994  343       29
 2 13 1994  345       30
 2 13 1994  348       31
 2 13 1994  354       32
 2 13 1994  359       33
 2 13 1994  405       34
 2 13 1994  409       35
 2 13 1994  413       36
 2 13 1994  415       37
 2 13 1994  418       38
 2 13 1994  420       39
 2 13 1994  421       40
 2 13 1994  423       41
 2 13 1994  426       42
 2 13 1994  429       43
 2 13 1994  431       44
 2 13 1994  434       45
 2 13 1994  437       46
 2 13 1994  442       47
 2 13 1994  447       48
 2 13 1994  450       49
 2 13 1994  454       50
 2 13 1994  457       51
 2 13 1994  501       52
 2 13 1994  504       53
 2 13 1994  507       54
 2 13 1994  511       55
 2 13 1994  514       56
 2 13 1994  517       57
 2 13 1994  520       58
 2 13 1994  523       59
 2 13 1994  528       60
 2 13 1994  531       61
 2 13 1994  535       62
 2 13 1994  538       63
 2 13 1994  541       64
 2 13 1994  544       65
 2 13 1994  548       66
 2 13 1994  552       67
 2 13 1994  601       68
 2 13 1994  617       69
 2 13 1994  628       70
 2 13 1994  634       71
 2 13 1994  639       72
 2 13 1994  643       73
 2 13 1994  649       74
 2 13 1994  652       75
 2 13 1994  656       76
 2 13 1994  659       77
 2 13 1994  701       78
 2 13 1994  704       79
 2 13 1994  706       80
 2 13 1994  708       81
 2 13 1994  710       82
 2 13 1994  711       83
 2 13 1994  713       84
 2 13 1994  714       85
 2 13 1994  715       86
 2 13 1994  716       87
 2 13 1994  718       88
 2 13 1994  719       89
 2 13 1994  720       90
 2 13 1994  722       91
 2 13 1994  723       92
 2 13 1994  724       93
 2 13 1994  726       94
 2 13 1994  727       95
 2 13 1994  728       96
 2 13 1994  729       97
 2 13 1994  731       98
 2 13 1994  732       99
 2 13 1994  734      100
 2 13 1994  736      101
 2 13 1994  738      102
 2 13 1994  740      103
 2 13 1994  742      104
 2 13 1994  745      105
 2 13 1994  752      106
 2 13 1994  759      107
 2 13 1994  805      108
 2 13 1994  817      109
 2 13 1994  829      110
 2 13 1994  836      111
 2 13 1994  852      112
 2 13 1994  941      113
 2 13 1994 1005      114
 2 13 1994 1024      115
 2 13 1994 1054      116
 2 13 1994 1057      117
 2 13 1994 1100      118
 2 13 1994 1122      119
 2 13 1994 1240      120
 2 13 1994 1244      121
 2 13 1994 1247      122
 2 13 1994 1249      123
 2 13 1994 1251      124
 2 13 1994 1254      125
 2 13 1994 1309      126
 2 13 1994 1343      127
 2 13 1994 1354      128
 2 13 1994 1357      129
 2 13 1994 1359      130
 2 13 1994 1401      131
 2 13 1994 1405      132
 2 13 1994 1406      133
 2 13 1994 1409      134
 2 13 1994 1410      135
 2 13 1994 1411      136
 2 13 1994 1412      137
 2 13 1994 1414      138
 2 13 1994 1414      139
 2 13 1994 1415      140
 2 13 1994 1416      141
 2 13 1994 1417      142
 2 13 1994 1417      143
 2 13 1994 1418      144
 2 13 1994 1418      145
 2 13 1994 1419      146
 2 13 1994 1419      147
 2 13 1994 1420      148
 2 13 1994 1421      149
 2 13 1994 1439      150
 2 13 1994 1541      151
 2 13 1994 1544      152
 2 13 1994 1547      153
 2 13 1994 1548      154
 2 13 1994 1550      155
 2 13 1994 1551      156
 2 13 1994 1553      157
 2 13 1994 1554      158
 2 13 1994 1556      159
 2 13 1994 1602      160
 2 13 1994 1624      161
 2 13 1994 1627      162
 2 13 1994 1629      163
 2 13 1994 1640      164
 2 13 1994 1724      165
 2 13 1994 1727      166
 2 13 1994 1729      167
 2 13 1994 1734      168
 2 13 1994 1740      169
 2 13 1994 1944      170
 2 13 1994 2246      171
 2 15 1994 1148      172
 2 15 1994 1215      173
 2 15 1994 1309      174
 2 15 1994 1346      175
 2 15 1994 1409      176
 2 15 1994 1433      177
 2 15 1994 1440      178
 2 15 1994 1443      179
 2 15 1994 1455      180
 2 15 1994 1503      181
 2 15 1994 1517      182
 2 15 1994 1529      183
 2 15 1994 1559      184
 2 15 1994 1605      185
 2 15 1994 1615      186
 2 15 1994 1622      187
 2 15 1994 1632      188
 2 15 1994 1639      189
 2 15 1994 1650      190
 2 15 1994 1705      191
 2 15 1994 1725      192
 2 15 1994 1944      193
 2 15 1994 2255      194
 2 15 1994 2348      195
 2 16 1994    3      196
 2 16 1994   12      197
 2 16 1994   19      198
 2 16 1994   24      199
 2 16 1994   30      200
 2 16 1994   40      201
 2 16 1994  118      202
 2 16 1994  138      203
 2 16 1994  202      204
 2 16 1994  340      205
 2 16 1994  848      206
 2 16 1994 1029      207
 2 16 1994 1037      208
 2 16 1994 1045      209
 2 16 1994 1054      210
 2 16 1994 1057      211
 2 16 1994 1103      212
 2 16 1994 1112      213
 2 16 1994 1117      214
 2 16 1994 1121      215
 2 16 1994 1126      216
 2 16 1994 1133      217
 2 16 1994 1139      218
 2 16 1994 1143      219
 2 16 1994 1149      220
 2 16 1994 1153      221
 2 16 1994 1201      222
 2 16 1994 1210      223
 2 16 1994 1225      224
 2 16 1994 1304      225
 2 16 1994 1339      226
 2 16 1994 1406      227
 2 16 1994 1429      228
 2 16 1994 1451      229
 2 16 1994 1508      230
 2 16 1994 1533      231
 2 16 1994 1546      232
 2 16 1994 1600      233
 2 16 1994 1612      234
 2 16 1994 1622      235
 2 16 1994 1630      236
 2 16 1994 1635      237
 2 16 1994 1643      238
 2 16 1994 1649      239
 2 16 1994 1656      240
 2 16 1994 1727      241
 2 16 1994 1743      242
 2 16 1994 1753      243
 2 16 1994 1806      244
 2 16 1994 1835      245
 2 16 1994 2001      246
 2 17 1994  153      247
 2 17 1994  403      248
 2 17 1994  437      249
 2 17 1994  504      250
 2 17 1994  542      251
 2 17 1994  617      252
 2 17 1994  630      253
 2 17 1994  642      254
 2 17 1994  652      255
 2 17 1994  702      256
 2 17 1994  713      257
 2 17 1994  724      258
 2 17 1994  732      259
 2 17 1994  742      260
 2 17 1994  752      261
 2 17 1994  810      262
 2 17 1994  821      263
 2 17 1994  830      264
 2 17 1994  837      265
 2 17 1994  853      266
 2 17 1994  901      267
 2 17 1994  911      268
 2 17 1994  924      269
 2 17 1994 1020      270
 2 17 1994 1115      271
 2 17 1994 1132      272
 2 17 1994 1216      273
 2 17 1994 1408      274
 2 17 1994 1454      275
 2 18 1994  345      276
 2 18 1994  413      277
 2 18 1994  433      278
 2 18 1994  458      279
 2 18 1994  546      280
 2 18 1994  606      281
 2 18 1994  651      282
 2 18 1994  702      283
 2 18 1994  713      284
 2 18 1994  744      285
 2 18 1994 1140      286
 2 18 1994 1354      287
 2 18 1994 1357      288
 2 18 1994 1400      289
 2 19 1994 2319      290
 2 20 1994 1009      291
 2 20 1994 1023      292
 2 20 1994 1725      293
 2 20 1994 1728      294
 2 20 1994 1733      295
 2 20 1994 1811      296
 2 20 1994 1821      297
 2 20 1994 1845      298
 2 20 1994 1900      299
 2 20 1994 1904      300
 2 20 1994 1908      301
 2 20 1994 1911      302
 2 20 1994 1914      303
 2 20 1994 1916      304
 2 20 1994 1920      305
 2 20 1994 1938      306
 2 20 1994 2121      307
 2 21 1994    1      308
 2 21 1994   24      309
 2 21 1994  212      310
 2 21 1994  224      311
 2 21 1994  254      312
 2 21 1994  313      313
 2 21 1994  329      314
 2 21 1994  358      315
 2 21 1994  439      316
 2 21 1994  555      317
 2 21 1994  642      318
 2 21 1994 1708      319
 2 21 1994 1717      320
 2 21 1994 1720      321
 2 21 1994 1723      322
 2 21 1994 1727      323
 2 21 1994 1732      324
 2 21 1994 1734      325
 2 21 1994 1738      326
 2 21 1994 1741      327
 2 21 1994 1743      328
 2 21 1994 1746      329
 2 21 1994 1749      330
 2 21 1994 1751      331
 2 21 1994 1801      332
 2 21 1994 1832      333
 2 21 1994 1843      334
 2 21 1994 1850      335
 2 21 1994 1855      336
 2 21 1994 1858      337
 2 21 1994 1901      338
 2 21 1994 1928      339
 2 22 1994  130      340
 2 22 1994  140      341
 2 22 1994  149      342
 2 22 1994 1543      343
 2 22 1994 1619      344
 2 22 1994 1625      345
 2 22 1994 1637      346
 2 22 1994 1711      347
 2 22 1994 1727      348
 2 22 1994 1735      349
 2 22 1994 1746      350
 2 22 1994 1754      351
 2 22 1994 1804      352
 2 22 1994 1810      353
 2 22 1994 1816      354
 2 22 1994 1822      355
 2 22 1994 1829      356
 2 22 1994 1834      357
 2 22 1994 1843      358
 2 22 1994 1849      359
 2 22 1994 1857      360
 2 22 1994 1901      361
 2 22 1994 1906      362
 2 22 1994 1911      363
 2 22 1994 1917      364
 2 22 1994 1923      365
 2 22 1994 1927      366
 2 22 1994 1931      367
 2 22 1994 1935      368
 2 22 1994 1940      369
 2 22 1994 1946      370
 2 22 1994 1950      371
 2 22 1994 1955      372
 2 22 1994 2002      373
 2 22 1994 2008      374
 2 22 1994 2012      375
 2 22 1994 2018      376
 2 22 1994 2024      377
 2 22 1994 2032      378
 2 22 1994 2039      379
 2 22 1994 2043      380
 2 22 1994 2047      381
 2 22 1994 2052      382
 2 22 1994 2057      383
 2 22 1994 2103      384
 2 22 1994 2111      385
 2 22 1994 2117      386
 2 22 1994 2120      387
 2 22 1994 2123      388
 2 22 1994 2127      389
 2 22 1994 2130      390
 2 22 1994 2132      391
 2 22 1994 2137      392
 2 22 1994 2144      393
 2 22 1994 2147      394
 2 22 1994 2150      395
 2 22 1994 2158      396
 2 22 1994 2209      397
 2 22 1994 2221      398
 2 22 1994 2236      399
 2 22 1994 2240      400
 2 22 1994 2247      401
 2 22 1994 2259      402
 2 22 1994 2310      403
 2 22 1994 2316      404
 2 22 1994 2325      405
 2 22 1994 2338      406
 2 22 1994 2341      407
 2 22 1994 2344      408
 2 22 1994 2347      409
 2 22 1994 2352      410
 2 23 1994    3      411
 2 23 1994   13      412
 2 23 1994   26      413
 2 23 1994   33      414
 2 23 1994   40      415
 2 23 1994   50      416
 2 23 1994  100      417
 2 23 1994  126      418
 2 23 1994  149      419
 2 23 1994  200      420
 2 23 1994  213      421
 2 23 1994  229      422
 2 23 1994  235      423
 2 23 1994  246      424
 2 23 1994  310      425
 2 23 1994  333      426
 2 23 1994  419      427
 2 23 1994  525      428
 2 23 1994  621      429
 2 23 1994  632      430
 2 23 1994  731      431
 2 23 1994  835      432
 2 23 1994  852      433
 2 23 1994  903      434
 2 23 1994  929      435
 2 23 1994  954      436
 2 23 1994 1057      437
 2 23 1994 1119      438
 2 23 1994 1131      439
 2 23 1994 1139      440
 2 23 1994 1145      441
 2 23 1994 1152      442
 2 23 1994 1203      443
 2 23 1994 1214      444
 2 23 1994 1225      445
 2 23 1994 1233      446
 2 23 1994 1248      447
 2 23 1994 1300      448
 2 23 1994 1314      449
 2 23 1994 1324      450
 2 23 1994 1337      451
 2 23 1994 1355      452
 2 23 1994 1408      453
 2 23 1994 1418      454
 2 23 1994 1431      455
 2 23 1994 1443      456
 2 23 1994 1456      457
 2 23 1994 1510      458
 2 23 1994 1526      459
 2 23 1994 1537      460
 2 23 1994 1552      461
 2 23 1994 1608      462
 2 23 1994 1646      463
 2 23 1994 1727      464
 2 23 1994 1800      465
 2 23 1994 1817      466
 2 23 1994 1832      467
 2 23 1994 1841      468
 2 23 1994 1850      469
 2 23 1994 1900      470
 2 23 1994 1911      471
 2 23 1994 1921      472
 2 23 1994 1929      473
 2 23 1994 1938      474
 2 23 1994 1950      475
 2 23 1994 2002      476
 2 23 1994 2019      477
 2 23 1994 2040      478
 2 24 1994 1229      479
 2 24 1994 1231      480
 2 24 1994 1232      481
 2 24 1994 1234      482
 2 24 1994 1236      483
 2 24 1994 1237      484
 2 24 1994 1239      485
 2 24 1994 1241      486
 2 24 1994 1243      487
 2 24 1994 1245      488
 2 24 1994 1247      489
 2 24 1994 1249      490
 2 24 1994 1253      491
 2 24 1994 1256      492
 2 24 1994 1259      493
 2 24 1994 1303      494
 2 24 1994 1307      495
 2 24 1994 1310      496
 2 24 1994 1314      497
 2 24 1994 1317      498
 2 24 1994 1320      499
 2 24 1994 1324      500
 2 24 1994 1328      501
 2 24 1994 1332      502
 2 24 1994 1337      503
 2 24 1994 1342      504
 2 24 1994 1347      505
 2 24 1994 1353      506
 2 24 1994 1401      507
 2 24 1994 1410      508
 2 24 1994 1420      509
 2 25 1994  809      510
 2 25 1994  811      511
 2 25 1994  813      512
 2 25 1994  824      513
 2 25 1994  826      514
 2 25 1994  827      515
 2 25 1994  828      516
 2 25 1994  830      517
 2 25 1994  831      518
 2 25 1994  833      519
 2 25 1994  834      520
 2 25 1994  835      521
 2 25 1994  837      522
 2 25 1994  838      523
 2 25 1994  839      524
 2 25 1994  841      525
 2 25 1994  842      526
 2 25 1994  843      527
 2 25 1994  845      528
 2 25 1994  847      529
 2 25 1994  848      530
 2 25 1994  850      531
 2 25 1994  851      532
 2 25 1994  853      533
 2 25 1994  854      534
 2 25 1994  856      535
 2 25 1994  857      536
 2 25 1994  859      537
 2 25 1994  901      538
 2 25 1994  902      539
 2 25 1994  904      540
 2 25 1994  906      541
 2 25 1994  908      542
 2 25 1994  910      543
 2 25 1994  912      544
 2 25 1994  914      545
 2 25 1994  917      546
 2 25 1994  920      547
 2 25 1994  923      548
 2 25 1994  928      549
 2 25 1994  934      550
 2 25 1994 2136      551
 2 25 1994 2349      552
 2 26 1994  504      553
 2 26 1994  516      554
 2 26 1994  521      555
 2 26 1994  545      556
 2 26 1994  626      557
 2 26 1994  632      558
 2 26 1994  638      559
 2 26 1994  656      560
 2 26 1994  701      561
 2 26 1994  706      562
 2 26 1994  712      563
 2 26 1994  751      564
 2 26 1994  911      565
 2 26 1994  930      566
 2 26 1994  942      567
 2 26 1994  956      568
 2 26 1994 1034      569
 2 26 1994 1102      570
 2 26 1994 1651      571
 2 26 1994 1726      572
 2 26 1994 1744      573
 2 26 1994 1749      574
 2 26 1994 1756      575
 2 26 1994 1802      576
 2 26 1994 1809      577
 2 26 1994 1814      578
 2 26 1994 1826      579
 2 26 1994 1835      580
 2 26 1994 1841      581
 2 26 1994 1848      582
 2 26 1994 1851      583
 2 26 1994 1855      584
 2 26 1994 1902      585
 2 26 1994 1907      586
 2 26 1994 1913      587
 2 26 1994 1919      588
 2 26 1994 1929      589
 2 26 1994 1938      590
 2 26 1994 1945      591
 2 26 1994 1953      592
 2 26 1994 2010      593
 2 26 1994 2022      594
 2 26 1994 2026      595
 2 26 1994 2031      596
 2 26 1994 2047      597
 2 26 1994 2104      598
 2 26 1994 2132      599
 2 26 1994 2139      600
 2 26 1994 2147      601
 2 26 1994 2153      602
 2 26 1994 2200      603
 2 26 1994 2206      604
 2 26 1994 2236      605
 2 26 1994 2257      606
 2 26 1994 2304      607
 2 26 1994 2311      608
 2 26 1994 2322      609
 2 27 1994  228      610
 2 27 1994 1613      611
 2 27 1994 1706      612
 2 27 1994 1722      613
 2 27 1994 2113      614
 2 28 1994  107      615
 3  2 1994  301      616
 3  2 1994 1244      617
 3  2 1994 1324      618
 3  2 1994 1333      619
 3  2 1994 1350      620
 3  2 1994 1353      621
 3  2 1994 1356      622
 3  2 1994 1358      623
 3  2 1994 1359      624
 3  2 1994 1402      625
 3  2 1994 1426      626
 3  2 1994 1452      627
 3  2 1994 1456      628
 3  2 1994 1457      629
 3  2 1994 1459      630
 3  2 1994 1500      631
 3  2 1994 1508      632
 3  2 1994 1509      633
 3  2 1994 1511      634
 3  2 1994 1527      635
 3  2 1994 1532      636
 3  2 1994 1540      637
 3  2 1994 1547      638
 3  2 1994 1553      639
 3  2 1994 1557      640
 3  2 1994 1602      641
 3  2 1994 1608      642
 3  2 1994 1614      643
 3  2 1994 1617      644
 3  2 1994 1619      645
 3  2 1994 1620      646
 3  2 1994 1630      647
 3  2 1994 1637      648
 3  2 1994 1644      649
 3  2 1994 1647      650
 3  2 1994 1654      651
 3  2 1994 1654      652
 3  2 1994 1655      653
 3  2 1994 1655      654
 3  2 1994 1655      655
 3  2 1994 1656      656
 3  2 1994 1656      657
 3  2 1994 1657      658
 3  2 1994 1658      659
 3  2 1994 1659      660
 3  2 1994 1712      661
 3  2 1994 1818      662
 3  2 1994 1825      663
 3  2 1994 1830      664
 3  2 1994 1833      665
 3  2 1994 1839      666
 3  2 1994 1840      667
 3  2 1994 1841      668
 3  2 1994 1845      669
 3  2 1994 1900      670
 3  2 1994 1903      671
 3  2 1994 1905      672
 3  2 1994 1908      673
 3  2 1994 1912      674
 3  2 1994 1916      675
 3  2 1994 1918      676
 3  2 1994 1919      677
 3  2 1994 1922      678
 3  2 1994 1925      679
 3  2 1994 1928      680
 3  2 1994 1930      681
 3  2 1994 1942      682
 3  2 1994 1949      683
 3  2 1994 1953      684
 3  2 1994 1954      685
 3  2 1994 1955      686
 3  2 1994 1955      687
 3  2 1994 1956      688
 3  2 1994 1957      689
 3  2 1994 1958      690
 3  2 1994 2000      691
 3  2 1994 2002      692
 3  2 1994 2004      693
 3  2 1994 2006      694
 3  2 1994 2015      695
 3  2 1994 2017      696
 3  2 1994 2018      697
 3  2 1994 2019      698
 3  2 1994 2019      699
 3  2 1994 2019      700
 3  2 1994 2020      701
 3  2 1994 2020      702
 3  2 1994 2021      703
 3  2 1994 2021      704
 3  2 1994 2022      705
 3  2 1994 2024      706
 3  2 1994 2025      707
 3  2 1994 2027      708
 3  2 1994 2029      709
 3  2 1994 2031      710
 3  2 1994 2033      711
 3  2 1994 2035      712
 3  2 1994 2040      713
 3  2 1994 2045      714
 3  2 1994 2048      715
 3  2 1994 2051      716
 3  2 1994 2056      717
 3  2 1994 2100      718
 3  2 1994 2104      719
 3  2 1994 2124      720
 3  2 1994 2147      721
 3  2 1994 2204      722
 3  2 1994 2211      723
 3  2 1994 2218      724
 3  2 1994 2232      725
 3  2 1994 2238      726
 3  2 1994 2242      727
 3  2 1994 2252      728
 3  2 1994 2306      729
 3  2 1994 2328      730
 3  2 1994 2338      731
 3  2 1994 2349      732
 3  3 1994    0      733
 3  3 1994    9      734
 3  3 1994   19      735
 3  3 1994   24      736
 3  3 1994   33      737
 3  3 1994   38      738
 3  3 1994   43      739
 3  3 1994   47      740
 3  3 1994   52      741
 3  3 1994  101      742
 3  3 1994  109      743
 3  3 1994  116      744
 3  3 1994  125      745
 3  3 1994  131      746
 3  3 1994  135      747
 3  3 1994  140      748
 3  3 1994  144      749
 3  3 1994  146      750
 3  3 1994  150      751
 3  3 1994  152      752
 3  3 1994  154      753
 3  3 1994  157      754
 3  3 1994  201      755
 3  3 1994  204      756
 3  3 1994  206      757
 3  3 1994  207      758
 3  3 1994  208      759
 3  3 1994  210      760
 3  3 1994  213      761
 3  3 1994  216      762
 3  3 1994  220      763
 3  3 1994  221      764
 3  3 1994  225      765
 3  3 1994  227      766
 3  3 1994  230      767
 3  3 1994  232      768
 3  3 1994  236      769
 3  3 1994  237      770
 3  3 1994  238      771
 3  3 1994  240      772
 3  3 1994  241      773
 3  3 1994  242      774
 3  3 1994  245      775
 3  3 1994  246      776
 3  3 1994  247      777
 3  3 1994  248      778
 3  3 1994  249      779
 3  3 1994  250      780
 3  3 1994  252      781
 3  3 1994  253      782
 3  3 1994  257      783
 3  3 1994  259      784
 3  3 1994  301      785
 3  3 1994  303      786
 3  3 1994  305      787
 3  3 1994  307      788
 3  3 1994  308      789
 3  3 1994  310      790
 3  3 1994  312      791
 3  3 1994  316      792
 3  3 1994  319      793
 3  3 1994  324      794
 3  3 1994  328      795
 3  3 1994  331      796
 3  3 1994  335      797
 3  3 1994  338      798
 3  3 1994  342      799
 3  3 1994  346      800
 3  3 1994  349      801
 3  3 1994  354      802
 3  3 1994  358      803
 3  3 1994  402      804
 3  3 1994  407      805
 3  3 1994  411      806
 3  3 1994  414      807
 3  3 1994  416      808
 3  3 1994  419      809
 3  3 1994  422      810
 3  3 1994  425      811
 3  3 1994  430      812
 3  3 1994  433      813
 3  3 1994  438      814
 3  3 1994  441      815
 3  3 1994  445      816
 3  3 1994  449      817
 3  3 1994  454      818
 3  3 1994  502      819
 3  3 1994  508      820
 3  3 1994  530      821
 3  3 1994  542      822
 3  3 1994  606      823
 3  3 1994  658      824
