"PDE20198.DAT"
"DP-101  : Tipping bucket rain gage recorder"
"Processed file"
"File creation date   : 1998/02/19 at 09:43:17"
"By                   : Gary"
"Start date           : 01-06-98-14:08"
"Interval             : N/A"
"Preset factor        : 01"
"Calibration factors: sensor 1 : 1  sensor 2 : 1"
"Location : LAKE LAWRENCE AT BOAT LAUNCH"
"Note : "

"MT" "DY" "YR" "HHMM" "TOTAL   "

 1  7 1998  207        1
 1  7 1998  303        2
 1  7 1998  740        3
 1  7 1998 1518        4
 1  7 1998 1520        5
 1  7 1998 1522        6
 1  7 1998 1523        7
 1  7 1998 1525        8
 1  7 1998 1538        9
 1  8 1998  725       10
 1  9 1998 1321       11
 1 12 1998 2125       12
 1 12 1998 2133       13
 1 12 1998 2138       14
 1 12 1998 2147       15
 1 12 1998 2216       16
 1 12 1998 2219       17
 1 12 1998 2222       18
 1 12 1998 2224       19
 1 12 1998 2226       20
 1 12 1998 2229       21
 1 12 1998 2231       22
 1 12 1998 2232       23
 1 12 1998 2234       24
 1 12 1998 2236       25
 1 12 1998 2238       26
 1 12 1998 2240       27
 1 12 1998 2242       28
 1 12 1998 2245       29
 1 12 1998 2248       30
 1 12 1998 2251       31
 1 12 1998 2254       32
 1 12 1998 2257       33
 1 12 1998 2300       34
 1 12 1998 2303       35
 1 12 1998 2306       36
 1 12 1998 2309       37
 1 12 1998 2312       38
 1 12 1998 2314       39
 1 12 1998 2316       40
 1 12 1998 2319       41
 1 12 1998 2323       42
 1 12 1998 2327       43
 1 12 1998 2330       44
 1 12 1998 2334       45
 1 12 1998 2339       46
 1 12 1998 2343       47
 1 12 1998 2348       48
 1 12 1998 2353       49
 1 12 1998 2358       50
 1 13 1998    3       51
 1 13 1998    8       52
 1 13 1998   13       53
 1 13 1998   19       54
 1 13 1998   24       55
 1 13 1998   30       56
 1 13 1998   35       57
 1 13 1998   40       58
 1 13 1998   45       59
 1 13 1998   51       60
 1 13 1998   56       61
 1 13 1998  101       62
 1 13 1998  104       63
 1 13 1998  107       64
 1 13 1998  110       65
 1 13 1998  115       66
 1 13 1998  118       67
 1 13 1998  121       68
 1 13 1998  123       69
 1 13 1998  127       70
 1 13 1998  131       71
 1 13 1998  134       72
 1 13 1998  136       73
 1 13 1998  139       74
 1 13 1998  143       75
 1 13 1998  146       76
 1 13 1998  149       77
 1 13 1998  152       78
 1 13 1998  155       79
 1 13 1998  200       80
 1 13 1998  204       81
 1 13 1998  210       82
 1 13 1998  215       83
 1 13 1998  221       84
 1 13 1998  226       85
 1 13 1998  231       86
 1 13 1998  234       87
 1 13 1998  238       88
 1 13 1998  243       89
 1 13 1998  246       90
 1 13 1998  249       91
 1 13 1998  252       92
 1 13 1998  259       93
 1 13 1998  303       94
 1 13 1998  307       95
 1 13 1998  310       96
 1 13 1998  316       97
 1 13 1998  326       98
 1 13 1998  335       99
 1 13 1998  342      100
 1 13 1998  347      101
 1 13 1998  355      102
 1 13 1998  359      103
 1 13 1998  404      104
 1 13 1998  407      105
 1 13 1998  409      106
 1 13 1998  414      107
 1 13 1998  417      108
 1 13 1998  425      109
 1 13 1998  440      110
 1 13 1998  452      111
 1 13 1998  500      112
 1 13 1998  504      113
 1 13 1998  506      114
 1 13 1998  512      115
 1 13 1998  518      116
 1 13 1998  527      117
 1 13 1998  543      118
 1 13 1998  548      119
 1 13 1998  553      120
 1 13 1998  557      121
 1 13 1998  600      122
 1 13 1998  605      123
 1 13 1998  609      124
 1 13 1998  619      125
 1 13 1998  624      126
 1 13 1998  630      127
 1 13 1998  639      128
 1 13 1998  644      129
 1 13 1998  651      130
 1 13 1998  656      131
 1 13 1998  702      132
 1 13 1998  713      133
 1 13 1998  720      134
 1 13 1998  725      135
 1 13 1998  743      136
 1 13 1998  814      137
 1 13 1998  824      138
 1 13 1998  830      139
 1 13 1998  833      140
 1 13 1998  835      141
 1 13 1998  838      142
 1 13 1998  901      143
 1 13 1998  912      144
 1 13 1998 1928      145
 1 13 1998 2023      146
 1 13 1998 2109      147
 1 13 1998 2123      148
 1 13 1998 2155      149
 1 13 1998 2220      150
 1 13 1998 2239      151
 1 13 1998 2254      152
 1 14 1998  436      153
 1 14 1998  453      154
 1 14 1998  502      155
 1 14 1998  507      156
 1 14 1998  512      157
 1 14 1998  524      158
 1 14 1998  537      159
 1 14 1998  547      160
 1 14 1998  559      161
 1 14 1998  611      162
 1 14 1998  741      163
 1 14 1998  922      164
 1 14 1998  926      165
 1 14 1998  929      166
 1 14 1998  942      167
 1 14 1998  950      168
 1 14 1998  953      169
 1 14 1998  957      170
 1 14 1998 1000      171
 1 14 1998 1002      172
 1 14 1998 1008      173
 1 14 1998 1017      174
 1 14 1998 1024      175
 1 14 1998 1029      176
 1 14 1998 1031      177
 1 14 1998 1033      178
 1 14 1998 1035      179
 1 14 1998 1037      180
 1 14 1998 1039      181
 1 14 1998 1042      182
 1 14 1998 1044      183
 1 14 1998 1045      184
 1 14 1998 1047      185
 1 14 1998 1049      186
 1 14 1998 1051      187
 1 14 1998 1053      188
 1 14 1998 1055      189
 1 14 1998 1057      190
 1 14 1998 1100      191
 1 14 1998 1104      192
 1 14 1998 1107      193
 1 14 1998 1109      194
 1 14 1998 1111      195
 1 14 1998 1112      196
 1 14 1998 1114      197
 1 14 1998 1116      198
 1 14 1998 1119      199
 1 14 1998 1120      200
 1 14 1998 1120      201
 1 14 1998 1120      202
 1 14 1998 1121      203
 1 14 1998 1121      204
 1 14 1998 1122      205
 1 14 1998 1125      206
 1 14 1998 1128      207
 1 14 1998 1130      208
 1 14 1998 1133      209
 1 14 1998 1139      210
 1 14 1998 1142      211
 1 14 1998 1145      212
 1 14 1998 1149      213
 1 14 1998 1153      214
 1 14 1998 1200      215
 1 14 1998 1517      216
 1 14 1998 1537      217
 1 14 1998 1554      218
 1 14 1998 1647      219
 1 14 1998 1739      220
 1 14 1998 1745      221
 1 14 1998 1806      222
 1 14 1998 1829      223
 1 14 1998 1833      224
 1 14 1998 1835      225
 1 14 1998 1836      226
 1 14 1998 1836      227
 1 14 1998 1837      228
 1 14 1998 1837      229
 1 14 1998 1839      230
 1 14 1998 1841      231
 1 14 1998 1843      232
 1 14 1998 1845      233
 1 14 1998 1846      234
 1 14 1998 1848      235
 1 14 1998 1850      236
 1 14 1998 1854      237
 1 14 1998 1858      238
 1 14 1998 1900      239
 1 14 1998 2223      240
 1 15 1998  341      241
 1 15 1998  346      242
 1 15 1998  351      243
 1 15 1998  355      244
 1 15 1998  358      245
 1 15 1998  401      246
 1 15 1998  403      247
 1 15 1998  416      248
 1 15 1998  807      249
 1 15 1998  835      250
 1 15 1998  844      251
 1 16 1998  129      252
 1 16 1998  153      253
 1 16 1998  203      254
 1 16 1998  212      255
 1 16 1998  215      256
 1 16 1998  219      257
 1 16 1998  222      258
 1 16 1998  235      259
 1 16 1998  253      260
 1 16 1998  257      261
 1 16 1998  305      262
 1 16 1998  313      263
 1 16 1998  321      264
 1 16 1998  330      265
 1 16 1998  352      266
 1 16 1998  404      267
 1 16 1998  437      268
 1 16 1998  853      269
 1 16 1998 1909      270
 1 16 1998 2004      271
 1 16 1998 2015      272
 1 16 1998 2021      273
 1 16 1998 2028      274
 1 16 1998 2037      275
 1 16 1998 2044      276
 1 16 1998 2051      277
 1 16 1998 2057      278
 1 16 1998 2103      279
 1 16 1998 2121      280
 1 16 1998 2139      281
 1 16 1998 2143      282
 1 16 1998 2147      283
 1 16 1998 2149      284
 1 16 1998 2152      285
 1 16 1998 2154      286
 1 16 1998 2156      287
 1 16 1998 2158      288
 1 16 1998 2200      289
 1 16 1998 2201      290
 1 16 1998 2203      291
 1 16 1998 2204      292
 1 16 1998 2206      293
 1 16 1998 2208      294
 1 16 1998 2211      295
 1 16 1998 2214      296
 1 16 1998 2217      297
 1 16 1998 2220      298
 1 16 1998 2221      299
 1 16 1998 2223      300
 1 16 1998 2224      301
 1 16 1998 2226      302
 1 16 1998 2230      303
 1 16 1998 2232      304
 1 16 1998 2234      305
 1 16 1998 2235      306
 1 16 1998 2238      307
 1 16 1998 2246      308
 1 16 1998 2305      309
 1 16 1998 2311      310
 1 17 1998  234      311
 1 17 1998  331      312
 1 17 1998  350      313
 1 17 1998  416      314
 1 17 1998  501      315
 1 17 1998  521      316
 1 17 1998  528      317
 1 17 1998  534      318
 1 17 1998  624      319
 1 17 1998  649      320
 1 17 1998 1147      321
 1 17 1998 1303      322
 1 17 1998 2250      323
 1 17 1998 2302      324
 1 17 1998 2318      325
 1 18 1998  331      326
 1 18 1998 1235      327
 1 18 1998 1250      328
 1 18 1998 1302      329
 1 18 1998 1311      330
 1 18 1998 1328      331
 1 18 1998 1339      332
 1 18 1998 1352      333
 1 18 1998 1405      334
 1 18 1998 1420      335
 1 18 1998 1427      336
 1 18 1998 1432      337
 1 18 1998 1438      338
 1 18 1998 1446      339
 1 18 1998 1455      340
 1 18 1998 1703      341
 1 18 1998 1716      342
 1 18 1998 1723      343
 1 18 1998 1728      344
 1 18 1998 1733      345
 1 18 1998 1739      346
 1 18 1998 1745      347
 1 18 1998 1750      348
 1 18 1998 1755      349
 1 18 1998 1800      350
 1 18 1998 1804      351
 1 18 1998 1806      352
 1 18 1998 1809      353
 1 18 1998 1813      354
 1 18 1998 1817      355
 1 18 1998 1820      356
 1 18 1998 1824      357
 1 18 1998 1829      358
 1 18 1998 1833      359
 1 18 1998 1838      360
 1 18 1998 1848      361
 1 18 1998 1853      362
 1 18 1998 1856      363
 1 18 1998 1900      364
 1 18 1998 1904      365
 1 18 1998 1909      366
 1 18 1998 1916      367
 1 18 1998 2008      368
 1 18 1998 2036      369
 1 18 1998 2155      370
 1 18 1998 2254      371
 1 19 1998  139      372
 1 19 1998  333      373
 1 20 1998  411      374
 1 20 1998  424      375
 1 20 1998  434      376
 1 20 1998  443      377
 1 20 1998  510      378
 1 20 1998  823      379
 1 21 1998  719      380
 1 21 1998  810      381
 1 21 1998  841      382
 1 21 1998  903      383
 1 21 1998  949      384
 1 21 1998 1007      385
 1 21 1998 1021      386
 1 21 1998 1030      387
 1 21 1998 1041      388
 1 21 1998 1208      389
 1 21 1998 1219      390
 1 21 1998 1246      391
 1 21 1998 1303      392
 1 21 1998 1323      393
 1 21 1998 1815      394
 1 22 1998 1347      395
 1 22 1998 1357      396
 1 22 1998 1437      397
 1 22 1998 1526      398
 1 22 1998 1557      399
 1 22 1998 1628      400
 1 22 1998 1655      401
 1 22 1998 1712      402
 1 22 1998 1731      403
 1 22 1998 1758      404
 1 22 1998 1852      405
 1 22 1998 2007      406
 1 22 1998 2054      407
 1 22 1998 2113      408
 1 22 1998 2131      409
 1 22 1998 2151      410
 1 22 1998 2216      411
 1 22 1998 2227      412
 1 22 1998 2307      413
 1 22 1998 2328      414
 1 22 1998 2348      415
 1 23 1998    2      416
 1 23 1998   44      417
 1 23 1998  153      418
 1 23 1998  536      419
 1 23 1998  558      420
 1 23 1998  610      421
 1 23 1998  618      422
 1 23 1998  630      423
 1 23 1998  647      424
 1 23 1998  712      425
 1 23 1998  740      426
 1 23 1998  801      427
 1 23 1998  814      428
 1 23 1998  825      429
 1 23 1998  841      430
 1 23 1998  850      431
 1 23 1998  856      432
 1 23 1998  904      433
 1 23 1998  910      434
 1 23 1998  917      435
 1 23 1998  923      436
 1 23 1998  931      437
 1 23 1998  935      438
 1 23 1998  939      439
 1 23 1998  946      440
 1 23 1998  957      441
 1 23 1998 1007      442
 1 23 1998 1024      443
 1 23 1998 1040      444
 1 23 1998 1059      445
 1 23 1998 1250      446
 1 23 1998 1304      447
 1 23 1998 1321      448
 1 23 1998 1334      449
 1 23 1998 1350      450
 1 23 1998 1404      451
 1 23 1998 1415      452
 1 23 1998 1449      453
 1 23 1998 1542      454
 1 23 1998 1552      455
 1 23 1998 1558      456
 1 23 1998 1611      457
 1 23 1998 1616      458
 1 23 1998 1622      459
 1 23 1998 1628      460
 1 23 1998 1634      461
 1 23 1998 1639      462
 1 23 1998 1646      463
 1 23 1998 1654      464
 1 23 1998 1700      465
 1 23 1998 1706      466
 1 23 1998 1714      467
 1 23 1998 1720      468
 1 23 1998 1724      469
 1 23 1998 1726      470
 1 23 1998 1730      471
 1 23 1998 1743      472
 1 23 1998 1751      473
 1 23 1998 1759      474
 1 23 1998 1809      475
 1 23 1998 1819      476
 1 23 1998 1823      477
 1 23 1998 1825      478
 1 23 1998 1826      479
 1 23 1998 1828      480
 1 23 1998 1830      481
 1 23 1998 1833      482
 1 23 1998 1834      483
 1 23 1998 1835      484
 1 23 1998 1836      485
 1 23 1998 1838      486
 1 23 1998 1841      487
 1 23 1998 1845      488
 1 23 1998 1846      489
 1 23 1998 1847      490
 1 23 1998 1851      491
 1 23 1998 1927      492
 1 23 1998 1945      493
 1 23 1998 1947      494
 1 23 1998 1949      495
 1 23 1998 1951      496
 1 23 1998 1957      497
 1 23 1998 2023      498
 1 23 1998 2051      499
 1 23 1998 2058      500
 1 23 1998 2103      501
 1 23 1998 2111      502
 1 23 1998 2121      503
 1 23 1998 2129      504
 1 23 1998 2133      505
 1 23 1998 2138      506
 1 23 1998 2141      507
 1 23 1998 2144      508
 1 23 1998 2148      509
 1 23 1998 2309      510
 1 24 1998  141      511
 1 24 1998  254      512
 1 24 1998  517      513
 1 24 1998  545      514
 1 24 1998  606      515
 1 24 1998  632      516
 1 24 1998 1027      517
 1 24 1998 1051      518
 1 24 1998 1139      519
 1 24 1998 1449      520
 1 24 1998 1452      521
 1 24 1998 1454      522
 1 24 1998 1456      523
 1 24 1998 1459      524
 1 24 1998 1503      525
 1 24 1998 1509      526
 1 24 1998 1516      527
 1 24 1998 1520      528
 1 24 1998 1523      529
 1 24 1998 1525      530
 1 24 1998 1528      531
 1 24 1998 1530      532
 1 24 1998 1533      533
 1 24 1998 1538      534
 1 24 1998 1550      535
 1 24 1998 1707      536
 1 24 1998 1754      537
 1 24 1998 1755      538
 1 24 1998 1803      539
 1 24 1998 1819      540
 1 24 1998 1825      541
 1 24 1998 1829      542
 1 24 1998 1842      543
 1 24 1998 2011      544
 1 24 1998 2039      545
 1 24 1998 2042      546
 1 24 1998 2047      547
 1 24 1998 2050      548
 1 24 1998 2052      549
 1 24 1998 2054      550
 1 24 1998 2055      551
 1 24 1998 2056      552
 1 24 1998 2058      553
 1 24 1998 2100      554
 1 24 1998 2101      555
 1 24 1998 2104      556
 1 24 1998 2108      557
 1 24 1998 2112      558
 1 24 1998 2133      559
 1 24 1998 2212      560
 1 24 1998 2352      561
 1 25 1998   32      562
 1 25 1998  315      563
 1 25 1998 1423      564
 1 25 1998 1446      565
 1 25 1998 1453      566
 1 25 1998 1459      567
 1 25 1998 1508      568
 1 25 1998 1514      569
 1 25 1998 1523      570
 1 25 1998 1529      571
 1 25 1998 1535      572
 1 25 1998 1543      573
 1 25 1998 1553      574
 1 25 1998 1601      575
 1 25 1998 1716      576
 1 25 1998 1815      577
 1 25 1998 1855      578
 1 25 1998 1900      579
 1 25 1998 1906      580
 1 25 1998 1929      581
 1 25 1998 2123      582
 1 25 1998 2128      583
 1 25 1998 2131      584
 1 25 1998 2135      585
 1 25 1998 2141      586
 1 25 1998 2149      587
 1 25 1998 2155      588
 1 25 1998 2222      589
 1 25 1998 2251      590
 1 25 1998 2303      591
 1 25 1998 2308      592
 1 25 1998 2324      593
 1 25 1998 2326      594
 1 26 1998  356      595
 1 26 1998  424      596
 1 26 1998  443      597
 1 26 1998  448      598
 1 26 1998  450      599
 1 26 1998  453      600
 1 26 1998  457      601
 1 26 1998  507      602
 1 26 1998  550      603
 1 26 1998  922      604
 1 27 1998  142      605
 1 27 1998  843      606
 1 28 1998  613      607
 1 28 1998  625      608
 1 29 1998  721      609
 1 29 1998  753      610
 1 29 1998 1850      611
 1 29 1998 1904      612
 1 29 1998 1914      613
 1 29 1998 1924      614
 1 29 1998 1931      615
 1 29 1998 1935      616
 1 29 1998 1942      617
 1 29 1998 1949      618
 1 29 1998 1955      619
 1 29 1998 2035      620
 1 29 1998 2217      621
 1 31 1998 1003      622
 2  1 1998 1304      623
 2  1 1998 1333      624
 2  1 1998 1639      625
 2  1 1998 1733      626
 2  2 1998  721      627
 2  2 1998  817      628
 2  2 1998  854      629
 2  2 1998 1005      630
 2  3 1998  747      631
 2  3 1998  828      632
 2  3 1998  959      633
 2  3 1998 1014      634
 2  3 1998 1039      635
 2  3 1998 2155      636
 2  3 1998 2223      637
 2  4 1998   54      638
 2  4 1998  135      639
 2  4 1998  508      640
 2  4 1998 1027      641
 2  4 1998 1833      642
 2  4 1998 1851      643
 2  4 1998 1921      644
 2  5 1998  626      645
 2  6 1998  448      646
 2  8 1998  531      647
 2  8 1998  552      648
 2  8 1998  559      649
 2  8 1998  606      650
 2  8 1998  614      651
 2  8 1998  622      652
 2  8 1998  631      653
 2  8 1998  634      654
 2  8 1998  638      655
 2  8 1998  647      656
 2  8 1998  736      657
 2  8 1998  848      658
 2  8 1998 1141      659
 2  8 1998 1546      660
 2  8 1998 1609      661
 2  8 1998 1620      662
 2  8 1998 1628      663
 2  8 1998 1631      664
 2  8 1998 1634      665
 2  8 1998 1726      666
 2  8 1998 1745      667
 2  8 1998 1751      668
 2  8 1998 1844      669
 2  8 1998 1901      670
 2  8 1998 1928      671
 2  8 1998 2112      672
 2  9 1998   37      673
 2  9 1998  952      674
