"pde21295.DAT"
"DP-101  : Tipping bucket rain gage recorder"
"Processed file"
"File creation date   : 1996/01/17 at 09:50:47"
"By                   : Thomas     "
"Start date           : 12-12-95-09:15"
"Interval             : N/A"
"Preset factor        : 01"
"Calibration factors: sensor 1 : 1  sensor 2 : 1"
"Location : Lake Lawrence, Pleasant Beach road"
"Note : On 12/27/2016 Nat Kale replaced YR values below row 413 with 1996"

"MT" "DY" "YR" "HHMM" "TOTAL   "

12 12 1995  918        1
12 12 1995 1545        2
12 12 1995 1554        3
12 12 1995 1601        4
12 12 1995 1607        5
12 12 1995 1615        6
12 12 1995 1621        7
12 12 1995 1634        8
12 12 1995 1643        9
12 12 1995 1651       10
12 12 1995 1714       11
12 12 1995 1716       12
12 12 1995 1718       13
12 12 1995 1724       14
12 12 1995 1730       15
12 12 1995 1735       16
12 12 1995 1737       17
12 12 1995 1744       18
12 12 1995 1749       19
12 12 1995 1754       20
12 12 1995 1757       21
12 12 1995 1759       22
12 12 1995 1801       23
12 12 1995 1804       24
12 12 1995 1809       25
12 12 1995 1813       26
12 12 1995 1815       27
12 12 1995 1818       28
12 12 1995 1823       29
12 12 1995 1828       30
12 12 1995 1838       31
12 12 1995 1843       32
12 12 1995 1847       33
12 12 1995 1855       34
12 12 1995 1900       35
12 12 1995 1909       36
12 12 1995 1915       37
12 12 1995 1919       38
12 12 1995 1924       39
12 12 1995 1926       40
12 12 1995 1931       41
12 12 1995 1936       42
12 12 1995 1941       43
12 12 1995 1945       44
12 12 1995 1953       45
12 12 1995 2002       46
12 12 1995 2014       47
12 12 1995 2018       48
12 12 1995 2021       49
12 12 1995 2023       50
12 12 1995 2026       51
12 12 1995 2029       52
12 12 1995 2032       53
12 12 1995 2035       54
12 12 1995 2037       55
12 12 1995 2043       56
12 12 1995 2057       57
12 12 1995 2105       58
12 12 1995 2123       59
12 12 1995 2143       60
12 12 1995 2156       61
12 12 1995 2201       62
12 12 1995 2206       63
12 12 1995 2248       64
12 12 1995 2254       65
12 12 1995 2258       66
12 12 1995 2305       67
12 12 1995 2309       68
12 12 1995 2311       69
12 12 1995 2321       70
12 12 1995 2324       71
12 12 1995 2332       72
12 12 1995 2340       73
12 12 1995 2358       74
12 13 1995    5       75
12 13 1995   10       76
12 13 1995   12       77
12 13 1995  230       78
12 13 1995  330       79
12 13 1995  349       80
12 13 1995  354       81
12 13 1995  357       82
12 13 1995  359       83
12 13 1995  400       84
12 13 1995  402       85
12 13 1995  404       86
12 13 1995  406       87
12 13 1995  507       88
12 13 1995  509       89
12 13 1995  510       90
12 13 1995  512       91
12 13 1995  514       92
12 13 1995  516       93
12 13 1995  519       94
12 13 1995  625       95
12 13 1995  628       96
12 13 1995  630       97
12 13 1995  638       98
12 13 1995  641       99
12 13 1995  718      100
12 13 1995  723      101
12 13 1995  741      102
12 13 1995 1020      103
12 13 1995 1024      104
12 13 1995 1037      105
12 13 1995 1040      106
12 13 1995 1043      107
12 13 1995 1052      108
12 13 1995 1059      109
12 13 1995 1128      110
12 13 1995 1132      111
12 13 1995 1138      112
12 13 1995 1141      113
12 13 1995 1154      114
12 13 1995 1214      115
12 13 1995 1216      116
12 13 1995 1218      117
12 13 1995 1221      118
12 13 1995 1223      119
12 13 1995 1230      120
12 13 1995 1251      121
12 13 1995 1622      122
12 13 1995 1712      123
12 14 1995  253      124
12 14 1995  302      125
12 14 1995  309      126
12 14 1995  333      127
12 14 1995  341      128
12 14 1995  348      129
12 14 1995  352      130
12 14 1995  359      131
12 14 1995  407      132
12 14 1995  410      133
12 14 1995  415      134
12 14 1995  422      135
12 14 1995  434      136
12 14 1995  437      137
12 14 1995  441      138
12 14 1995  445      139
12 14 1995  450      140
12 14 1995  458      141
12 14 1995  528      142
12 14 1995  553      143
12 14 1995  627      144
12 14 1995  642      145
12 14 1995  647      146
12 14 1995  654      147
12 14 1995  724      148
12 14 1995  736      149
12 14 1995  740      150
12 14 1995  747      151
12 14 1995  815      152
12 14 1995  918      153
12 14 1995  936      154
12 14 1995  948      155
12 14 1995 1003      156
12 14 1995 1008      157
12 14 1995 1013      158
12 14 1995 1018      159
12 14 1995 1022      160
12 14 1995 1033      161
12 14 1995 1041      162
12 14 1995 1048      163
12 14 1995 1052      164
12 14 1995 1054      165
12 14 1995 1058      166
12 14 1995 1102      167
12 14 1995 1105      168
12 14 1995 1110      169
12 14 1995 1113      170
12 14 1995 1117      171
12 14 1995 1122      172
12 14 1995 1126      173
12 14 1995 1130      174
12 14 1995 1135      175
12 14 1995 1140      176
12 14 1995 1148      177
12 14 1995 1152      178
12 14 1995 1159      179
12 14 1995 1202      180
12 14 1995 1206      181
12 14 1995 1210      182
12 14 1995 1215      183
12 14 1995 1222      184
12 14 1995 1228      185
12 14 1995 1412      186
12 14 1995 1435      187
12 14 1995 1529      188
12 14 1995 1559      189
12 14 1995 1602      190
12 14 1995 1604      191
12 14 1995 1617      192
12 14 1995 1831      193
12 14 1995 1835      194
12 14 1995 1951      195
12 14 1995 1959      196
12 14 1995 2005      197
12 14 1995 2007      198
12 14 1995 2010      199
12 14 1995 2012      200
12 14 1995 2015      201
12 14 1995 2020      202
12 14 1995 2026      203
12 14 1995 2032      204
12 14 1995 2039      205
12 14 1995 2045      206
12 14 1995 2054      207
12 14 1995 2207      208
12 14 1995 2211      209
12 14 1995 2214      210
12 14 1995 2236      211
12 14 1995 2308      212
12 15 1995  232      213
12 15 1995  235      214
12 15 1995  238      215
12 15 1995  242      216
12 15 1995  247      217
12 15 1995  308      218
12 16 1995  352      219
12 16 1995  412      220
12 17 1995 1152      221
12 17 1995 1245      222
12 17 1995 1743      223
12 17 1995 1930      224
12 17 1995 2010      225
12 17 1995 2035      226
12 17 1995 2046      227
12 17 1995 2055      228
12 17 1995 2104      229
12 17 1995 2117      230
12 17 1995 2144      231
12 17 1995 2211      232
12 17 1995 2222      233
12 17 1995 2232      234
12 17 1995 2249      235
12 17 1995 2256      236
12 17 1995 2308      237
12 17 1995 2326      238
12 17 1995 2335      239
12 17 1995 2345      240
12 17 1995 2354      241
12 18 1995    4      242
12 18 1995   18      243
12 18 1995   29      244
12 18 1995   44      245
12 18 1995   54      246
12 18 1995  102      247
12 18 1995  110      248
12 18 1995  121      249
12 18 1995  130      250
12 18 1995  142      251
12 18 1995  149      252
12 18 1995  159      253
12 18 1995  854      254
12 18 1995 1024      255
12 18 1995 1101      256
12 22 1995 1149      257
12 22 1995 1239      258
12 23 1995 1303      259
12 23 1995 1315      260
12 24 1995 1310      261
12 25 1995 1309      262
12 26 1995 1137      263
12 27 1995 1459      264
12 27 1995 1523      265
12 27 1995 1532      266
12 27 1995 1544      267
12 27 1995 1557      268
12 27 1995 1609      269
12 27 1995 1617      270
12 27 1995 1634      271
12 27 1995 1652      272
12 27 1995 1714      273
12 27 1995 1735      274
12 27 1995 1748      275
12 27 1995 1755      276
12 27 1995 1759      277
12 27 1995 1810      278
12 27 1995 1820      279
12 27 1995 1826      280
12 27 1995 1849      281
12 27 1995 1904      282
12 27 1995 1914      283
12 28 1995  458      284
12 28 1995 1502      285
12 28 1995 1511      286
12 28 1995 1520      287
12 28 1995 1528      288
12 28 1995 1536      289
12 28 1995 1551      290
12 28 1995 1604      291
12 28 1995 2242      292
12 28 1995 2305      293
12 28 1995 2312      294
12 28 1995 2322      295
12 28 1995 2328      296
12 28 1995 2344      297
12 28 1995 2351      298
12 29 1995    1      299
12 29 1995    6      300
12 29 1995   12      301
12 29 1995   23      302
12 29 1995   30      303
12 29 1995   34      304
12 29 1995  212      305
12 29 1995  230      306
12 29 1995  235      307
12 29 1995  238      308
12 29 1995  300      309
12 29 1995  455      310
12 29 1995  532      311
12 29 1995 1048      312
12 29 1995 1328      313
12 29 1995 1353      314
12 29 1995 1400      315
12 29 1995 1410      316
12 29 1995 1416      317
12 29 1995 1424      318
12 29 1995 1430      319
12 29 1995 1436      320
12 29 1995 1451      321
12 29 1995 1505      322
12 29 1995 1507      323
12 29 1995 1510      324
12 29 1995 1513      325
12 29 1995 1518      326
12 29 1995 1522      327
12 29 1995 1534      328
12 29 1995 1536      329
12 29 1995 1539      330
12 29 1995 1542      331
12 29 1995 1545      332
12 29 1995 1547      333
12 29 1995 1550      334
12 29 1995 1553      335
12 29 1995 1556      336
12 29 1995 1601      337
12 29 1995 1604      338
12 29 1995 1609      339
12 29 1995 1623      340
12 29 1995 1649      341
12 29 1995 1714      342
12 29 1995 1730      343
12 29 1995 1901      344
12 29 1995 1930      345
12 29 1995 2027      346
12 29 1995 2215      347
12 29 1995 2233      348
12 29 1995 2235      349
12 29 1995 2241      350
12 29 1995 2321      351
12 30 1995  120      352
12 30 1995  907      353
12 30 1995  920      354
12 30 1995 1029      355
12 30 1995 1038      356
12 30 1995 1052      357
12 30 1995 1107      358
12 30 1995 1121      359
12 30 1995 1146      360
12 30 1995 1207      361
12 30 1995 1223      362
12 30 1995 1233      363
12 30 1995 1238      364
12 30 1995 1418      365
12 30 1995 1427      366
12 30 1995 1431      367
12 30 1995 1433      368
12 30 1995 1439      369
12 30 1995 1457      370
12 30 1995 1458      371
12 30 1995 1514      372
12 30 1995 1523      373
12 30 1995 1529      374
12 30 1995 1538      375
12 30 1995 1541      376
12 30 1995 1542      377
12 30 1995 1543      378
12 30 1995 1543      379
12 30 1995 1547      380
12 30 1995 1623      381
12 30 1995 1629      382
12 30 1995 1951      383
12 30 1995 1955      384
12 30 1995 1959      385
12 30 1995 2004      386
12 30 1995 2009      387
12 30 1995 2017      388
12 30 1995 2029      389
12 30 1995 2117      390
12 30 1995 2126      391
12 30 1995 2137      392
12 30 1995 2147      393
12 30 1995 2211      394
12 30 1995 2247      395
12 30 1995 2302      396
12 30 1995 2313      397
12 30 1995 2328      398
12 31 1995  106      399
 1  2 1996 1736      400
 1  2 1996 1738      401
 1  2 1996 1740      402
 1  2 1996 1743      403
 1  2 1996 1745      404
 1  2 1996 1747      405
 1  2 1996 1749      406
 1  2 1996 1753      407
 1  2 1996 1759      408
 1  2 1996 1803      409
 1  2 1996 1805      410
 1  2 1996 1859      411
 1  2 1996 2022      412
 1  2 1996 2024      413
 1  2 1996 2027      414
 1  2 1996 2030      415
 1  2 1996 2032      416
 1  2 1996 2115      417
 1  2 1996 2122      418
 1  2 1996 2127      419
 1  2 1996 2133      420
 1  2 1996 2147      421
 1  2 1996 2202      422
 1  2 1996 2246      423
 1  2 1996 2328      424
 1  2 1996 2337      425
 1  2 1996 2359      426
 1  3 1996    3      427
 1  3 1996    8      428
 1  3 1996   15      429
 1  3 1996   29      430
 1  3 1996  107      431
 1  3 1996  118      432
 1  3 1996  132      433
 1  3 1996  243      434
 1  3 1996  331      435
 1  3 1996  351      436
 1  3 1996  406      437
 1  3 1996  524      438
 1  3 1996  540      439
 1  3 1996 1215      440
 1  3 1996 1321      441
 1  3 1996 1322      442
 1  3 1996 1405      443
 1  3 1996 1411      444
 1  3 1996 1419      445
 1  3 1996 1739      446
 1  3 1996 1823      447
 1  3 1996 1838      448
 1  3 1996 1908      449
 1  4 1996  156      450
 1  4 1996  446      451
 1  4 1996  730      452
 1  4 1996 1717      453
 1  4 1996 1747      454
 1  4 1996 1834      455
 1  4 1996 1841      456
 1  4 1996 1843      457
 1  4 1996 2043      458
 1  4 1996 2050      459
 1  4 1996 2056      460
 1  5 1996  143      461
 1  5 1996  147      462
 1  5 1996  154      463
 1  5 1996 1324      464
 1  5 1996 1405      465
 1  5 1996 1435      466
 1  5 1996 1453      467
 1  5 1996 1517      468
 1  5 1996 1528      469
 1  5 1996 1542      470
 1  5 1996 1558      471
 1  5 1996 1620      472
 1  5 1996 1631      473
 1  5 1996 1642      474
 1  5 1996 1651      475
 1  5 1996 1658      476
 1  5 1996 1704      477
 1  5 1996 1709      478
 1  5 1996 1717      479
 1  5 1996 1725      480
 1  5 1996 1732      481
 1  5 1996 1741      482
 1  5 1996 1752      483
 1  5 1996 1804      484
 1  5 1996 1820      485
 1  5 1996 1834      486
 1  5 1996 1846      487
 1  5 1996 1853      488
 1  5 1996 1905      489
 1  5 1996 1917      490
 1  5 1996 1926      491
 1  5 1996 1934      492
 1  5 1996 1943      493
 1  5 1996 1947      494
 1  5 1996 1955      495
 1  5 1996 2006      496
 1  5 1996 2019      497
 1  5 1996 2033      498
 1  5 1996 2041      499
 1  5 1996 2218      500
 1  6 1996 1427      501
 1  6 1996 1434      502
 1  6 1996 1455      503
 1  6 1996 1513      504
 1  6 1996 1532      505
 1  6 1996 1541      506
 1  6 1996 1554      507
 1  6 1996 1608      508
 1  6 1996 1613      509
 1  6 1996 1629      510
 1  6 1996 1634      511
 1  6 1996 1648      512
 1  6 1996 1658      513
 1  6 1996 1921      514
 1  6 1996 1939      515
 1  6 1996 2007      516
 1  6 1996 2021      517
 1  6 1996 2028      518
 1  6 1996 2036      519
 1  6 1996 2058      520
 1  6 1996 2117      521
 1  6 1996 2120      522
 1  6 1996 2124      523
 1  6 1996 2151      524
 1  6 1996 2207      525
 1  6 1996 2220      526
 1  6 1996 2229      527
 1  6 1996 2314      528
 1  6 1996 2326      529
 1  6 1996 2333      530
 1  6 1996 2337      531
 1  6 1996 2340      532
 1  6 1996 2345      533
 1  6 1996 2359      534
 1  7 1996    7      535
 1  7 1996   15      536
 1  7 1996   24      537
 1  7 1996   30      538
 1  7 1996   37      539
 1  7 1996   47      540
 1  7 1996   57      541
 1  7 1996  104      542
 1  7 1996  110      543
 1  7 1996  120      544
 1  7 1996  130      545
 1  7 1996  139      546
 1  7 1996  148      547
 1  7 1996  155      548
 1  7 1996  208      549
 1  7 1996  217      550
 1  7 1996  225      551
 1  7 1996  230      552
 1  7 1996  238      553
 1  7 1996  247      554
 1  7 1996  256      555
 1  7 1996  304      556
 1  7 1996  315      557
 1  7 1996  323      558
 1  7 1996  330      559
 1  7 1996  335      560
 1  7 1996  339      561
 1  7 1996  343      562
 1  7 1996  350      563
 1  7 1996  354      564
 1  7 1996  359      565
 1  7 1996  405      566
 1  7 1996  410      567
 1  7 1996  412      568
 1  7 1996  415      569
 1  7 1996  418      570
 1  7 1996  422      571
 1  7 1996  435      572
 1  7 1996  452      573
 1  7 1996  505      574
 1  7 1996  513      575
 1  7 1996  525      576
 1  7 1996  530      577
 1  7 1996  535      578
 1  7 1996  540      579
 1  7 1996  543      580
 1  7 1996  547      581
 1  7 1996  552      582
 1  7 1996  611      583
 1  7 1996  617      584
 1  7 1996  622      585
 1  7 1996  627      586
 1  7 1996  639      587
 1  7 1996  645      588
 1  7 1996  655      589
 1  7 1996 1622      590
 1  7 1996 1628      591
 1  7 1996 1631      592
 1  7 1996 1634      593
 1  7 1996 1635      594
 1  7 1996 1638      595
 1  7 1996 1641      596
 1  7 1996 1645      597
 1  7 1996 1651      598
 1  7 1996 1705      599
 1  7 1996 1815      600
 1  7 1996 1833      601
 1  7 1996 1840      602
 1  7 1996 1851      603
 1  7 1996 1855      604
 1  8 1996  455      605
 1  9 1996 1315      606
 1  9 1996 1453      607
