"PDE21198.DAT"
"DP-101  : Tipping bucket rain gage recorder"
"Processed file"
"File creation date   : 1998/12/10 at 15:39:10"
"By                   : Gary"
"Start date           : 11-04-98-14:33"
"Interval             : N/A"
"Preset factor        : 01"
"Calibration factors: sensor 1 : 1  sensor 2 : 1"
"Location : LAKE LAWRENCE AT BOAT LAUNCH"
"Note : "

"MT" "DY" "YR" "HHMM" "TOTAL   "

11  4 1998 1736        1
11  4 1998 1754        2
11  4 1998 2038        3
11  4 1998 2058        4
11  4 1998 2105        5
11  4 1998 2109        6
11  4 1998 2113        7
11  4 1998 2116        8
11  4 1998 2120        9
11  4 1998 2124       10
11  4 1998 2129       11
11  4 1998 2134       12
11  4 1998 2138       13
11  4 1998 2143       14
11  4 1998 2147       15
11  4 1998 2155       16
11  4 1998 2205       17
11  4 1998 2213       18
11  4 1998 2218       19
11  4 1998 2223       20
11  4 1998 2235       21
11  4 1998 2326       22
11  5 1998   20       23
11  5 1998   24       24
11  5 1998   32       25
11  5 1998   37       26
11  5 1998   45       27
11  5 1998   52       28
11  5 1998  100       29
11  5 1998  109       30
11  5 1998  119       31
11  5 1998  128       32
11  5 1998  135       33
11  5 1998  148       34
11  5 1998  210       35
11  5 1998  234       36
11  5 1998  307       37
11  5 1998  318       38
11  5 1998  330       39
11  5 1998  345       40
11  5 1998  353       41
11  5 1998  419       42
11  5 1998  433       43
11  5 1998  510       44
11  5 1998  550       45
11  5 1998  746       46
11  5 1998 1217       47
11  5 1998 1224       48
11  7 1998  937       49
11  9 1998  529       50
11  9 1998  818       51
11  9 1998 1741       52
11  9 1998 1808       53
11 10 1998 2055       54
11 12 1998 1514       55
11 12 1998 2053       56
11 13 1998   30       57
11 13 1998   36       58
11 13 1998   39       59
11 13 1998   40       60
11 13 1998   42       61
11 13 1998   44       62
11 13 1998   46       63
11 13 1998   49       64
11 13 1998   52       65
11 13 1998   55       66
11 13 1998   56       67
11 13 1998  101       68
11 13 1998  105       69
11 13 1998  111       70
11 13 1998  120       71
11 13 1998  125       72
11 13 1998  131       73
11 13 1998  135       74
11 13 1998  139       75
11 13 1998  142       76
11 13 1998  145       77
11 13 1998  148       78
11 13 1998  151       79
11 13 1998  153       80
11 13 1998  155       81
11 13 1998  157       82
11 13 1998  200       83
11 13 1998  203       84
11 13 1998  205       85
11 13 1998  208       86
11 13 1998  211       87
11 13 1998  214       88
11 13 1998  216       89
11 13 1998  218       90
11 13 1998  221       91
11 13 1998  224       92
11 13 1998  228       93
11 13 1998  231       94
11 13 1998  234       95
11 13 1998  238       96
11 13 1998  242       97
11 13 1998  244       98
11 13 1998  246       99
11 13 1998  250      100
11 13 1998  253      101
11 13 1998  258      102
11 13 1998  302      103
11 13 1998  306      104
11 13 1998  310      105
11 13 1998  313      106
11 13 1998  317      107
11 13 1998  321      108
11 13 1998  325      109
11 13 1998  331      110
11 13 1998  335      111
11 13 1998  340      112
11 13 1998  344      113
11 13 1998  348      114
11 13 1998  353      115
11 13 1998  356      116
11 13 1998  400      117
11 13 1998  405      118
11 13 1998  410      119
11 13 1998  415      120
11 13 1998  421      121
11 13 1998  427      122
11 13 1998  433      123
11 13 1998  438      124
11 13 1998  442      125
11 13 1998  447      126
11 13 1998  455      127
11 13 1998  508      128
11 13 1998  515      129
11 13 1998  519      130
11 13 1998  524      131
11 13 1998  529      132
11 13 1998  533      133
11 13 1998  538      134
11 13 1998  544      135
11 13 1998  551      136
11 13 1998  559      137
11 13 1998  607      138
11 13 1998  614      139
11 13 1998  624      140
11 13 1998  631      141
11 13 1998  638      142
11 13 1998  646      143
11 13 1998  652      144
11 13 1998  656      145
11 13 1998  700      146
11 13 1998  704      147
11 13 1998  707      148
11 13 1998  711      149
11 13 1998  714      150
11 13 1998  717      151
11 13 1998  722      152
11 13 1998  736      153
11 13 1998  750      154
11 13 1998  803      155
11 13 1998  809      156
11 13 1998  818      157
11 13 1998  831      158
11 13 1998  840      159
11 13 1998  855      160
11 13 1998  913      161
11 13 1998  926      162
11 13 1998  935      163
11 13 1998  943      164
11 13 1998  949      165
11 13 1998  957      166
11 13 1998 1004      167
11 13 1998 1012      168
11 13 1998 1017      169
11 13 1998 1027      170
11 13 1998 1048      171
11 13 1998 1149      172
11 13 1998 1217      173
11 13 1998 1255      174
11 13 1998 1322      175
11 13 1998 1339      176
11 13 1998 1351      177
11 13 1998 1405      178
11 13 1998 1516      179
11 13 1998 1558      180
11 13 1998 1613      181
11 13 1998 1632      182
11 13 1998 1650      183
11 13 1998 1718      184
11 13 1998 1748      185
11 13 1998 2326      186
11 14 1998  709      187
11 14 1998 1718      188
11 14 1998 1727      189
11 14 1998 1752      190
11 14 1998 1826      191
11 14 1998 1839      192
11 14 1998 1849      193
11 14 1998 1858      194
11 14 1998 1908      195
11 14 1998 1917      196
11 14 1998 1925      197
11 14 1998 1933      198
11 14 1998 1941      199
11 14 1998 1950      200
11 14 1998 2000      201
11 14 1998 2009      202
11 14 1998 2151      203
11 15 1998  232      204
11 15 1998  636      205
11 15 1998  651      206
11 15 1998  711      207
11 15 1998  937      208
11 15 1998 1638      209
11 15 1998 1658      210
11 15 1998 1712      211
11 15 1998 1723      212
11 15 1998 1729      213
11 15 1998 1732      214
11 15 1998 1734      215
11 15 1998 1735      216
11 15 1998 1737      217
11 15 1998 1738      218
11 15 1998 1740      219
11 15 1998 1742      220
11 15 1998 1744      221
11 15 1998 1746      222
11 15 1998 1748      223
11 15 1998 1750      224
11 15 1998 1752      225
11 15 1998 1755      226
11 15 1998 1757      227
11 15 1998 1759      228
11 15 1998 1801      229
11 15 1998 1804      230
11 15 1998 1806      231
11 15 1998 1809      232
11 15 1998 1811      233
11 15 1998 1814      234
11 15 1998 1817      235
11 15 1998 1819      236
11 15 1998 1822      237
11 15 1998 1826      238
11 15 1998 1829      239
11 15 1998 1833      240
11 15 1998 1836      241
11 15 1998 1841      242
11 15 1998 1845      243
11 15 1998 1955      244
11 15 1998 2012      245
11 16 1998  149      246
11 16 1998  159      247
11 16 1998  210      248
11 17 1998 1705      249
11 17 1998 1800      250
11 17 1998 1808      251
11 17 1998 1817      252
11 17 1998 1828      253
11 18 1998  303      254
11 19 1998  949      255
11 19 1998 1035      256
11 19 1998 1114      257
11 19 1998 1200      258
11 19 1998 1549      259
11 19 1998 1848      260
11 19 1998 1915      261
11 19 1998 1941      262
11 19 1998 2057      263
11 20 1998  444      264
11 20 1998  456      265
11 20 1998  512      266
11 20 1998  529      267
11 20 1998  547      268
11 20 1998  601      269
11 20 1998  614      270
11 20 1998  625      271
11 20 1998  636      272
11 20 1998  646      273
11 20 1998  655      274
11 20 1998  704      275
11 20 1998  715      276
11 20 1998  727      277
11 20 1998  742      278
11 20 1998  752      279
11 20 1998  801      280
11 20 1998  811      281
11 20 1998  821      282
11 20 1998  831      283
11 20 1998  843      284
11 20 1998  855      285
11 20 1998  907      286
11 20 1998  919      287
11 20 1998  932      288
11 20 1998  945      289
11 20 1998  958      290
11 20 1998 1010      291
11 20 1998 1035      292
11 20 1998 1108      293
11 20 1998 1133      294
11 20 1998 1208      295
11 20 1998 1246      296
11 20 1998 1320      297
11 20 1998 1355      298
11 20 1998 1424      299
11 20 1998 1443      300
11 20 1998 1507      301
11 20 1998 1535      302
11 20 1998 1610      303
11 20 1998 1646      304
11 20 1998 1723      305
11 20 1998 1758      306
11 20 1998 1834      307
11 20 1998 1931      308
11 20 1998 2054      309
11 20 1998 2234      310
11 21 1998   44      311
11 21 1998  309      312
11 21 1998  525      313
11 21 1998  829      314
11 21 1998 1148      315
11 21 1998 1544      316
11 21 1998 2008      317
11 21 1998 2338      318
11 22 1998  259      319
11 22 1998  556      320
11 22 1998  824      321
11 22 1998 1100      322
11 22 1998 1317      323
11 22 1998 1556      324
11 22 1998 1819      325
11 22 1998 2109      326
11 23 1998   22      327
11 23 1998  321      328
11 23 1998  623      329
11 23 1998  959      330
11 23 1998 1317      331
11 23 1998 1552      332
11 23 1998 1811      333
11 23 1998 1931      334
11 23 1998 2201      335
11 23 1998 2305      336
11 24 1998   44      337
11 24 1998  302      338
11 24 1998  523      339
11 24 1998  809      340
11 24 1998 1147      341
11 24 1998 1726      342
11 24 1998 1913      343
11 24 1998 2015      344
11 24 1998 2300      345
11 25 1998    6      346
11 25 1998  432      347
11 25 1998  650      348
11 25 1998  849      349
11 25 1998 1134      350
11 25 1998 1327      351
11 25 1998 1421      352
11 25 1998 1516      353
11 25 1998 1726      354
11 25 1998 1911      355
11 25 1998 2118      356
11 25 1998 2347      357
11 26 1998  235      358
11 26 1998  543      359
11 26 1998 1032      360
11 27 1998   48      361
11 27 1998 1329      362
11 28 1998  552      363
11 29 1998  542      364
11 29 1998 1016      365
11 29 1998 1849      366
11 30 1998 1029      367
11 30 1998 1655      368
11 30 1998 1803      369
11 30 1998 2309      370
12  1 1998  632      371
12  1 1998 1133      372
12  1 1998 1251      373
12  1 1998 1539      374
12  1 1998 1832      375
12  1 1998 1930      376
12  1 1998 1949      377
12  1 1998 2218      378
12  1 1998 2332      379
12  2 1998  353      380
12  2 1998  622      381
12  2 1998  937      382
12  2 1998 1455      383
12  2 1998 1941      384
12  3 1998  808      385
12  4 1998  420      386
12  5 1998   48      387
12  5 1998 1247      388
12  6 1998 1341      389
12  7 1998  938      390
12  7 1998 1417      391
12  7 1998 2109      392
12  8 1998  210      393
12  8 1998 1845      394
12  9 1998 1118      395
12  9 1998 1118      396
12  9 1998 1118      397
12  9 1998 1118      398
12  9 1998 1118      399
12  9 1998 1118      400
12  9 1998 1118      401
12  9 1998 1118      402
12  9 1998 1118      403
12  9 1998 1118      404
