"pde20793.dat"
"DP-101  : Tipping bucket rain gage recorder"
"Processed file"
"File creation date   : 1993/08/11 at 15:54:05"
"By                   : John "
"Start date           : 07-09-93-09:32"
"Interval             : N/A"
"Preset factor        : 01"
"Calibration factors: sensor 1 : 1  sensor 2 : 1"
"Location : Lake Lawrence"
"Note : "

"MT" "DY" "YR" "HHMM" "TOTAL   "

 7 11 1993 1712        1
 7 11 1993 1929        2
 7 13 1993 1039        3
 7 13 1993 1052        4
 7 13 1993 1529        5
 7 13 1993 1530        6
 7 13 1993 1532        7
 7 13 1993 1540        8
 7 13 1993 1542        9
 7 13 1993 1549       10
 7 13 1993 1553       11
 7 13 1993 1556       12
 7 13 1993 1603       13
 7 13 1993 1613       14
 7 13 1993 1700       15
 7 13 1993 1703       16
 7 13 1993 1705       17
 7 13 1993 1706       18
 7 13 1993 1706       19
 7 13 1993 1707       20
 7 13 1993 1707       21
 7 13 1993 1708       22
 7 13 1993 1709       23
 7 13 1993 1829       24
 7 15 1993 1806       25
 7 16 1993  222       26
 7 16 1993  444       27
 7 16 1993  510       28
 7 16 1993  524       29
 7 16 1993  535       30
 7 16 1993  545       31
 7 16 1993  620       32
 7 16 1993  632       33
 7 16 1993  639       34
 7 16 1993  643       35
 7 16 1993  647       36
 7 16 1993  650       37
 7 16 1993  653       38
 7 16 1993  655       39
 7 16 1993  657       40
 7 16 1993  701       41
 7 16 1993  704       42
 7 16 1993  708       43
 7 16 1993  734       44
 7 16 1993  748       45
 7 16 1993  758       46
 7 16 1993  807       47
 7 16 1993  811       48
 7 16 1993  815       49
 7 16 1993  819       50
 7 16 1993  822       51
 7 16 1993  825       52
 7 16 1993  829       53
 7 16 1993  838       54
 7 16 1993  850       55
 7 16 1993  856       56
 7 16 1993  908       57
 7 16 1993  920       58
 7 16 1993  926       59
 7 16 1993  932       60
 7 16 1993  936       61
 7 16 1993  940       62
 7 16 1993  947       63
 7 16 1993  957       64
 7 16 1993 1005       65
 7 16 1993 1041       66
 7 16 1993 1129       67
 7 16 1993 1350       68
 7 16 1993 1356       69
 7 16 1993 1401       70
 7 16 1993 1406       71
 7 16 1993 1751       72
 7 16 1993 1844       73
 7 16 1993 1909       74
 7 16 1993 1934       75
 7 19 1993 1350       76
 7 19 1993 1358       77
 7 19 1993 1407       78
 7 19 1993 1415       79
 7 19 1993 1423       80
 7 19 1993 1430       81
 7 19 1993 1440       82
 7 19 1993 1449       83
 7 19 1993 1458       84
 7 19 1993 1506       85
 7 19 1993 1515       86
 7 19 1993 1522       87
 7 19 1993 1528       88
 7 19 1993 1536       89
 7 19 1993 1545       90
 7 19 1993 1551       91
 7 19 1993 1601       92
 7 19 1993 1607       93
 7 19 1993 1616       94
 7 19 1993 1625       95
 7 19 1993 1641       96
 7 19 1993 1658       97
 7 19 1993 1718       98
 7 19 1993 1739       99
 7 19 1993 1757      100
 7 19 1993 1820      101
 7 19 1993 1833      102
 7 19 1993 1848      103
 7 19 1993 1900      104
 7 19 1993 1911      105
 7 19 1993 1954      106
 7 19 1993 2102      107
 7 20 1993  341      108
 7 20 1993  403      109
 7 20 1993  418      110
 7 20 1993  426      111
 7 20 1993  434      112
 7 20 1993  449      113
 7 20 1993  510      114
 7 20 1993  525      115
 7 20 1993  535      116
 7 20 1993  545      117
 7 20 1993  600      118
 7 20 1993  610      119
 7 20 1993  619      120
 7 20 1993  625      121
 7 20 1993  633      122
 7 20 1993  647      123
 7 20 1993  704      124
 7 20 1993  717      125
 7 20 1993  737      126
 7 20 1993  806      127
 7 20 1993 1008      128
 7 20 1993 1044      129
 7 20 1993 1247      130
 7 20 1993 1330      131
 7 20 1993 1528      132
 7 21 1993 1946      133
 7 21 1993 2018      134
 7 21 1993 2038      135
 7 21 1993 2057      136
 7 21 1993 2128      137
 7 22 1993   35      138
 7 22 1993  132      139
 7 22 1993  155      140
 7 22 1993  202      141
 7 22 1993  221      142
 7 22 1993  236      143
 7 22 1993  306      144
 7 22 1993  332      145
 7 22 1993  338      146
 7 22 1993  348      147
 7 22 1993  353      148
 7 22 1993  408      149
 7 22 1993  423      150
 7 22 1993  437      151
 7 22 1993  521      152
 7 23 1993 1029      153
 7 28 1993  413      154
 7 28 1993  419      155
 7 28 1993  422      156
 7 28 1993  426      157
 7 28 1993  434      158
 7 28 1993  438      159
 7 28 1993  443      160
 7 28 1993  449      161
 7 28 1993  456      162
 7 28 1993  510      163
 7 28 1993  608      164
 7 28 1993  612      165
 7 28 1993  652      166
 7 28 1993  701      167
 7 28 1993  716      168
 7 28 1993  733      169
 7 28 1993  757      170
 7 28 1993  829      171
 7 28 1993  841      172
 7 28 1993  906      173
 7 28 1993  920      174
 7 28 1993  948      175
 7 28 1993 1117      176
 7 28 1993 1207      177
 7 28 1993 1928      178
 7 28 1993 1940      179
 7 28 1993 2025      180
 7 28 1993 2111      181
 7 29 1993 1245      182
 7 29 1993 1343      183
 7 29 1993 1346      184
 7 29 1993 1348      185
 7 29 1993 1351      186
 7 29 1993 1353      187
 7 29 1993 1356      188
 7 29 1993 1357      189
 7 29 1993 1401      190
 7 29 1993 1409      191
 7 29 1993 1826      192
 7 29 1993 1827      193
 7 29 1993 1828      194
 7 29 1993 1828      195
 7 29 1993 1830      196
 7 29 1993 1830      197
 7 29 1993 1830      198
 7 29 1993 1831      199
 7 29 1993 1831      200
 7 29 1993 1831      201
 7 29 1993 1833      202
 7 29 1993 1838      203
 7 29 1993 1854      204
 7 29 1993 1854      205
 7 29 1993 1915      206
 7 29 1993 1925      207
 7 29 1993 1928      208
 7 29 1993 2053      209
