"pde20296.dat"
"DP-101  : Tipping bucket rain gage recorder"
"Processed file"
"File creation date   : 1996/03/11 at 08:46:34"
"By                   : Thomas     "
"Start date           : 02-05-96-10:07"
"Interval             : N/A"
"Preset factor        : 01"
"Calibration factors: sensor 1 : 1  sensor 2 : 1"
"Location : Lake Lawrence"
"Note : February storm"

"MT" "DY" "YR" "HHMM" "TOTAL   "

 2  5 1996 1018        1
 2  5 1996 1042        2
 2  5 1996 1145        3
 2  5 1996 1147        4
 2  5 1996 1201        5
 2  5 1996 1203        6
 2  5 1996 1205        7
 2  5 1996 1207        8
 2  5 1996 1210        9
 2  5 1996 1213       10
 2  5 1996 1218       11
 2  5 1996 1229       12
 2  5 1996 1234       13
 2  5 1996 1235       14
 2  5 1996 1237       15
 2  5 1996 1249       16
 2  5 1996 1251       17
 2  5 1996 1255       18
 2  5 1996 1302       19
 2  5 1996 1307       20
 2  5 1996 1324       21
 2  5 1996 1333       22
 2  5 1996 1336       23
 2  5 1996 1339       24
 2  5 1996 1344       25
 2  5 1996 1346       26
 2  5 1996 1349       27
 2  5 1996 1356       28
 2  5 1996 1411       29
 2  5 1996 1424       30
 2  5 1996 1432       31
 2  5 1996 1438       32
 2  5 1996 1444       33
 2  5 1996 1501       34
 2  5 1996 1508       35
 2  5 1996 1514       36
 2  5 1996 1517       37
 2  5 1996 1522       38
 2  5 1996 1526       39
 2  5 1996 1530       40
 2  5 1996 1534       41
 2  5 1996 1538       42
 2  5 1996 1542       43
 2  5 1996 1546       44
 2  5 1996 1551       45
 2  5 1996 1554       46
 2  5 1996 1558       47
 2  5 1996 1602       48
 2  5 1996 1606       49
 2  5 1996 1611       50
 2  5 1996 1616       51
 2  5 1996 1621       52
 2  5 1996 1624       53
 2  5 1996 1628       54
 2  5 1996 1631       55
 2  5 1996 1634       56
 2  5 1996 1639       57
 2  5 1996 1642       58
 2  5 1996 1645       59
 2  5 1996 1648       60
 2  5 1996 1652       61
 2  5 1996 1657       62
 2  5 1996 1700       63
 2  5 1996 1704       64
 2  5 1996 1709       65
 2  5 1996 1712       66
 2  5 1996 1717       67
 2  5 1996 1720       68
 2  5 1996 1724       69
 2  5 1996 1726       70
 2  5 1996 1730       71
 2  5 1996 1734       72
 2  5 1996 1736       73
 2  5 1996 1739       74
 2  5 1996 1741       75
 2  5 1996 2233       76
 2  5 1996 2235       77
 2  5 1996 2238       78
 2  5 1996 2241       79
 2  5 1996 2242       80
 2  5 1996 2246       81
 2  5 1996 2249       82
 2  5 1996 2258       83
 2  6 1996  414       84
 2  6 1996  431       85
 2  6 1996  441       86
 2  6 1996  449       87
 2  6 1996  456       88
 2  6 1996  500       89
 2  6 1996  506       90
 2  6 1996  511       91
 2  6 1996  516       92
 2  6 1996  521       93
 2  6 1996  527       94
 2  6 1996  533       95
 2  6 1996  543       96
 2  6 1996  552       97
 2  6 1996  558       98
 2  6 1996  606       99
 2  6 1996  613      100
 2  6 1996  623      101
 2  6 1996  642      102
 2  6 1996  655      103
 2  6 1996  732      104
 2  6 1996  739      105
 2  6 1996  756      106
 2  6 1996  803      107
 2  6 1996  825      108
 2  6 1996  832      109
 2  6 1996  842      110
 2  6 1996  849      111
 2  6 1996  853      112
 2  6 1996  859      113
 2  6 1996  908      114
 2  6 1996  916      115
 2  6 1996  921      116
 2  6 1996  927      117
 2  6 1996  930      118
 2  6 1996  934      119
 2  6 1996  938      120
 2  6 1996  943      121
 2  6 1996  949      122
 2  6 1996  959      123
 2  6 1996 1013      124
 2  6 1996 1024      125
 2  6 1996 1033      126
 2  6 1996 1037      127
 2  6 1996 1039      128
 2  6 1996 1044      129
 2  6 1996 1046      130
 2  6 1996 1049      131
 2  6 1996 1052      132
 2  6 1996 1054      133
 2  6 1996 1057      134
 2  6 1996 1100      135
 2  6 1996 1104      136
 2  6 1996 1106      137
 2  6 1996 1108      138
 2  6 1996 1111      139
 2  6 1996 1115      140
 2  6 1996 1118      141
 2  6 1996 1122      142
 2  6 1996 1125      143
 2  6 1996 1128      144
 2  6 1996 1131      145
 2  6 1996 1134      146
 2  6 1996 1136      147
 2  6 1996 1139      148
 2  6 1996 1141      149
 2  6 1996 1144      150
 2  6 1996 1147      151
 2  6 1996 1150      152
 2  6 1996 1153      153
 2  6 1996 1155      154
 2  6 1996 1158      155
 2  6 1996 1200      156
 2  6 1996 1203      157
 2  6 1996 1206      158
 2  6 1996 1209      159
 2  6 1996 1213      160
 2  6 1996 1216      161
 2  6 1996 1221      162
 2  6 1996 1224      163
 2  6 1996 1228      164
 2  6 1996 1232      165
 2  6 1996 1235      166
 2  6 1996 1238      167
 2  6 1996 1243      168
 2  6 1996 1247      169
 2  6 1996 1252      170
 2  6 1996 1259      171
 2  6 1996 1303      172
 2  6 1996 1307      173
 2  6 1996 1310      174
 2  6 1996 1313      175
 2  6 1996 1316      176
 2  6 1996 1320      177
 2  6 1996 1323      178
 2  6 1996 1331      179
 2  6 1996 1348      180
 2  6 1996 1352      181
 2  6 1996 1405      182
 2  6 1996 1409      183
 2  6 1996 1413      184
 2  6 1996 1420      185
 2  6 1996 1426      186
 2  6 1996 1430      187
 2  6 1996 1438      188
 2  6 1996 1445      189
 2  6 1996 1451      190
 2  6 1996 1456      191
 2  6 1996 1459      192
 2  6 1996 1501      193
 2  6 1996 1504      194
 2  6 1996 1506      195
 2  6 1996 1508      196
 2  6 1996 1509      197
 2  6 1996 1514      198
 2  6 1996 1517      199
 2  6 1996 1522      200
 2  6 1996 1525      201
 2  6 1996 1529      202
 2  6 1996 1532      203
 2  6 1996 1536      204
 2  6 1996 1604      205
 2  6 1996 1607      206
 2  6 1996 1610      207
 2  6 1996 1613      208
 2  6 1996 1618      209
 2  6 1996 1625      210
 2  6 1996 1628      211
 2  6 1996 1631      212
 2  6 1996 1632      213
 2  6 1996 1634      214
 2  6 1996 1635      215
 2  6 1996 1636      216
 2  6 1996 1638      217
 2  6 1996 1640      218
 2  6 1996 1642      219
 2  6 1996 1644      220
 2  6 1996 1645      221
 2  6 1996 1647      222
 2  6 1996 1649      223
 2  6 1996 1651      224
 2  6 1996 1654      225
 2  6 1996 1657      226
 2  6 1996 1658      227
 2  6 1996 1700      228
 2  6 1996 1702      229
 2  6 1996 1704      230
 2  6 1996 1706      231
 2  6 1996 1709      232
 2  6 1996 1712      233
 2  6 1996 1716      234
 2  6 1996 1718      235
 2  6 1996 1720      236
 2  6 1996 1722      237
 2  6 1996 1724      238
 2  6 1996 1728      239
 2  6 1996 1732      240
 2  6 1996 1734      241
 2  6 1996 1736      242
 2  6 1996 1741      243
 2  6 1996 1745      244
 2  6 1996 1747      245
 2  6 1996 1749      246
 2  6 1996 1754      247
 2  6 1996 1757      248
 2  6 1996 1800      249
 2  6 1996 1809      250
 2  6 1996 1845      251
 2  6 1996 1920      252
 2  6 1996 1940      253
 2  6 1996 2007      254
 2  6 1996 2058      255
 2  6 1996 2108      256
 2  6 1996 2225      257
 2  6 1996 2239      258
 2  6 1996 2242      259
 2  6 1996 2243      260
 2  6 1996 2251      261
 2  6 1996 2254      262
 2  6 1996 2255      263
 2  6 1996 2302      264
 2  6 1996 2309      265
 2  6 1996 2318      266
 2  6 1996 2326      267
 2  6 1996 2333      268
 2  6 1996 2336      269
 2  6 1996 2341      270
 2  6 1996 2348      271
 2  6 1996 2352      272
 2  6 1996 2355      273
 2  6 1996 2358      274
 2  7 1996    0      275
 2  7 1996    5      276
 2  7 1996    8      277
 2  7 1996   12      278
 2  7 1996   17      279
 2  7 1996   22      280
 2  7 1996   26      281
 2  7 1996   30      282
 2  7 1996   32      283
 2  7 1996   33      284
 2  7 1996   37      285
 2  7 1996   44      286
 2  7 1996   48      287
 2  7 1996   50      288
 2  7 1996   52      289
 2  7 1996   54      290
 2  7 1996   56      291
 2  7 1996  101      292
 2  7 1996  105      293
 2  7 1996  111      294
 2  7 1996  116      295
 2  7 1996  118      296
 2  7 1996  119      297
 2  7 1996  121      298
 2  7 1996  125      299
 2  7 1996  129      300
 2  7 1996  135      301
 2  7 1996  137      302
 2  7 1996  150      303
 2  7 1996  157      304
 2  7 1996  201      305
 2  7 1996  205      306
 2  7 1996  213      307
 2  7 1996  220      308
 2  7 1996  226      309
 2  7 1996  232      310
 2  7 1996  237      311
 2  7 1996  243      312
 2  7 1996  249      313
 2  7 1996  303      314
 2  7 1996  317      315
 2  7 1996  339      316
 2  7 1996  359      317
 2  7 1996  421      318
 2  7 1996  434      319
 2  7 1996  452      320
 2  7 1996  600      321
 2  7 1996  813      322
 2  7 1996  851      323
 2  7 1996  928      324
 2  7 1996 1016      325
 2  7 1996 1028      326
 2  7 1996 1036      327
 2  7 1996 1044      328
 2  7 1996 1050      329
 2  7 1996 1054      330
 2  7 1996 1059      331
 2  7 1996 1102      332
 2  7 1996 1105      333
 2  7 1996 1109      334
 2  7 1996 1112      335
 2  7 1996 1114      336
 2  7 1996 1116      337
 2  7 1996 1120      338
 2  7 1996 1124      339
 2  7 1996 1127      340
 2  7 1996 1131      341
 2  7 1996 1136      342
 2  7 1996 1141      343
 2  7 1996 1150      344
 2  7 1996 1156      345
 2  7 1996 1202      346
 2  7 1996 1207      347
 2  7 1996 1212      348
 2  7 1996 1216      349
 2  7 1996 1224      350
 2  7 1996 1229      351
 2  7 1996 1234      352
 2  7 1996 1239      353
 2  7 1996 1246      354
 2  7 1996 1253      355
 2  7 1996 1258      356
 2  7 1996 1302      357
 2  7 1996 1305      358
 2  7 1996 1308      359
 2  7 1996 1311      360
 2  7 1996 1315      361
 2  7 1996 1320      362
 2  7 1996 1322      363
 2  7 1996 1327      364
 2  7 1996 1331      365
 2  7 1996 1336      366
 2  7 1996 1342      367
 2  7 1996 1349      368
 2  7 1996 1355      369
 2  7 1996 1401      370
 2  7 1996 1405      371
 2  7 1996 1411      372
 2  7 1996 1415      373
 2  7 1996 1420      374
 2  7 1996 1425      375
 2  7 1996 1429      376
 2  7 1996 1433      377
 2  7 1996 1437      378
 2  7 1996 1443      379
 2  7 1996 1448      380
 2  7 1996 1453      381
 2  7 1996 1458      382
 2  7 1996 1503      383
 2  7 1996 1508      384
 2  7 1996 1513      385
 2  7 1996 1519      386
 2  7 1996 1524      387
 2  7 1996 1530      388
 2  7 1996 1535      389
 2  7 1996 1543      390
 2  7 1996 1555      391
 2  7 1996 1606      392
 2  7 1996 1617      393
 2  7 1996 1624      394
 2  7 1996 1629      395
 2  7 1996 1634      396
 2  7 1996 1638      397
 2  7 1996 1642      398
 2  7 1996 1648      399
 2  7 1996 1652      400
 2  7 1996 1655      401
 2  7 1996 1702      402
 2  7 1996 1707      403
 2  7 1996 1711      404
 2  7 1996 1715      405
 2  7 1996 1720      406
 2  7 1996 1725      407
 2  7 1996 1730      408
 2  7 1996 1734      409
 2  7 1996 1739      410
 2  7 1996 1743      411
 2  7 1996 1747      412
 2  7 1996 1750      413
 2  7 1996 1754      414
 2  7 1996 1756      415
 2  7 1996 1759      416
 2  7 1996 1803      417
 2  7 1996 1807      418
 2  7 1996 1810      419
 2  7 1996 1814      420
 2  7 1996 1818      421
 2  7 1996 1822      422
 2  7 1996 1826      423
 2  7 1996 1830      424
 2  7 1996 1835      425
 2  7 1996 1838      426
 2  7 1996 1842      427
 2  7 1996 1846      428
 2  7 1996 1849      429
 2  7 1996 1853      430
 2  7 1996 1857      431
 2  7 1996 1901      432
 2  7 1996 1906      433
 2  7 1996 1913      434
 2  7 1996 1918      435
 2  7 1996 1924      436
 2  7 1996 1928      437
 2  7 1996 1933      438
 2  7 1996 1938      439
 2  7 1996 1945      440
 2  7 1996 1949      441
 2  7 1996 1952      442
 2  7 1996 1955      443
 2  7 1996 1959      444
 2  7 1996 2003      445
 2  7 1996 2007      446
 2  7 1996 2011      447
 2  7 1996 2016      448
 2  7 1996 2021      449
 2  7 1996 2029      450
 2  7 1996 2041      451
 2  7 1996 2100      452
 2  7 1996 2110      453
 2  7 1996 2114      454
 2  7 1996 2118      455
 2  7 1996 2144      456
 2  7 1996 2147      457
 2  7 1996 2151      458
 2  7 1996 2157      459
 2  7 1996 2207      460
 2  7 1996 2216      461
 2  7 1996 2231      462
 2  7 1996 2236      463
 2  7 1996 2240      464
 2  7 1996 2245      465
 2  7 1996 2250      466
 2  7 1996 2256      467
 2  7 1996 2304      468
 2  7 1996 2306      469
 2  7 1996 2309      470
 2  7 1996 2311      471
 2  8 1996    0      472
 2  8 1996    3      473
 2  8 1996    6      474
 2  8 1996    8      475
 2  8 1996   11      476
 2  8 1996   16      477
 2  8 1996   19      478
 2  8 1996   22      479
 2  8 1996   25      480
 2  8 1996   26      481
 2  8 1996   28      482
 2  8 1996   29      483
 2  8 1996   31      484
 2  8 1996   33      485
 2  8 1996   34      486
 2  8 1996   36      487
 2  8 1996   38      488
 2  8 1996   40      489
 2  8 1996   42      490
 2  8 1996   43      491
 2  8 1996   45      492
 2  8 1996   46      493
 2  8 1996   47      494
 2  8 1996   48      495
 2  8 1996   50      496
 2  8 1996   51      497
 2  8 1996   52      498
 2  8 1996   54      499
 2  8 1996   56      500
 2  8 1996   58      501
 2  8 1996  100      502
 2  8 1996  102      503
 2  8 1996  103      504
 2  8 1996  105      505
 2  8 1996  106      506
 2  8 1996  109      507
 2  8 1996  111      508
 2  8 1996  113      509
 2  8 1996  115      510
 2  8 1996  116      511
 2  8 1996  117      512
 2  8 1996  118      513
 2  8 1996  119      514
 2  8 1996  120      515
 2  8 1996  121      516
 2  8 1996  122      517
 2  8 1996  123      518
 2  8 1996  124      519
 2  8 1996  125      520
 2  8 1996  126      521
 2  8 1996  126      522
 2  8 1996  127      523
 2  8 1996  128      524
 2  8 1996  129      525
 2  8 1996  131      526
 2  8 1996  132      527
 2  8 1996  133      528
 2  8 1996  134      529
 2  8 1996  136      530
 2  8 1996  137      531
 2  8 1996  138      532
 2  8 1996  139      533
 2  8 1996  140      534
 2  8 1996  141      535
 2  8 1996  142      536
 2  8 1996  142      537
 2  8 1996  143      538
 2  8 1996  144      539
 2  8 1996  146      540
 2  8 1996  147      541
 2  8 1996  148      542
 2  8 1996  150      543
 2  8 1996  151      544
 2  8 1996  152      545
 2  8 1996  154      546
 2  8 1996  155      547
 2  8 1996  156      548
 2  8 1996  158      549
 2  8 1996  159      550
 2  8 1996  200      551
 2  8 1996  201      552
 2  8 1996  202      553
 2  8 1996  204      554
 2  8 1996  205      555
 2  8 1996  207      556
 2  8 1996  208      557
 2  8 1996  210      558
 2  8 1996  212      559
 2  8 1996  214      560
 2  8 1996  215      561
 2  8 1996  217      562
 2  8 1996  219      563
 2  8 1996  221      564
 2  8 1996  222      565
 2  8 1996  225      566
 2  8 1996  227      567
 2  8 1996  228      568
 2  8 1996  230      569
 2  8 1996  231      570
 2  8 1996  234      571
 2  8 1996  236      572
 2  8 1996  239      573
 2  8 1996  241      574
 2  8 1996  243      575
 2  8 1996  248      576
 2  8 1996  253      577
 2  8 1996  301      578
 2  8 1996  311      579
 2  8 1996  315      580
 2  8 1996  318      581
 2  8 1996  321      582
 2  8 1996  324      583
 2  8 1996  326      584
 2  8 1996  337      585
 2  8 1996  341      586
 2  8 1996  344      587
 2  8 1996  346      588
 2  8 1996  348      589
 2  8 1996  350      590
 2  8 1996  351      591
 2  8 1996  353      592
 2  8 1996  354      593
 2  8 1996  356      594
 2  8 1996  358      595
 2  8 1996  359      596
 2  8 1996  401      597
 2  8 1996  402      598
 2  8 1996  404      599
 2  8 1996  406      600
 2  8 1996  408      601
 2  8 1996  410      602
 2  8 1996  412      603
 2  8 1996  414      604
 2  8 1996  416      605
 2  8 1996  418      606
 2  8 1996  420      607
 2  8 1996  422      608
 2  8 1996  424      609
 2  8 1996  426      610
 2  8 1996  427      611
 2  8 1996  429      612
 2  8 1996  430      613
 2  8 1996  431      614
 2  8 1996  432      615
 2  8 1996  433      616
 2  8 1996  434      617
 2  8 1996  436      618
 2  8 1996  438      619
 2  8 1996  440      620
 2  8 1996  442      621
 2  8 1996  443      622
 2  8 1996  444      623
 2  8 1996  446      624
 2  8 1996  448      625
 2  8 1996  450      626
 2  8 1996  452      627
 2  8 1996  453      628
 2  8 1996  455      629
 2  8 1996  458      630
 2  8 1996  500      631
 2  8 1996  501      632
 2  8 1996  503      633
 2  8 1996  505      634
 2  8 1996  506      635
 2  8 1996  508      636
 2  8 1996  509      637
 2  8 1996  511      638
 2  8 1996  512      639
 2  8 1996  514      640
 2  8 1996  516      641
 2  8 1996  517      642
 2  8 1996  519      643
 2  8 1996  521      644
 2  8 1996  522      645
 2  8 1996  524      646
 2  8 1996  526      647
 2  8 1996  528      648
 2  8 1996  531      649
 2  8 1996  533      650
 2  8 1996  535      651
 2  8 1996  536      652
 2  8 1996  538      653
 2  8 1996  540      654
 2  8 1996  541      655
 2  8 1996  543      656
 2  8 1996  546      657
 2  8 1996  550      658
 2  8 1996  553      659
 2  8 1996  555      660
 2  8 1996  558      661
 2  8 1996  601      662
 2  8 1996  603      663
 2  8 1996  605      664
 2  8 1996  608      665
 2  8 1996  610      666
 2  8 1996  612      667
 2  8 1996  614      668
 2  8 1996  616      669
 2  8 1996  618      670
 2  8 1996  620      671
 2  8 1996  621      672
 2  8 1996  622      673
 2  8 1996  624      674
 2  8 1996  625      675
 2  8 1996  627      676
 2  8 1996  630      677
 2  8 1996  633      678
 2  8 1996  635      679
 2  8 1996  638      680
 2  8 1996  640      681
 2  8 1996  642      682
 2  8 1996  645      683
 2  8 1996  649      684
 2  8 1996  652      685
 2  8 1996  654      686
 2  8 1996  656      687
 2  8 1996  659      688
 2  8 1996  702      689
 2  8 1996  708      690
 2  8 1996  715      691
 2  8 1996  719      692
 2  8 1996  722      693
 2  8 1996  727      694
 2  8 1996  731      695
 2  8 1996  735      696
 2  8 1996  738      697
 2  8 1996  742      698
 2  8 1996  745      699
 2  8 1996  749      700
 2  8 1996  753      701
 2  8 1996  756      702
 2  8 1996  800      703
 2  8 1996  804      704
 2  8 1996  808      705
 2  8 1996  812      706
 2  8 1996  817      707
 2  8 1996  824      708
 2  8 1996  829      709
 2  8 1996  833      710
 2  8 1996  836      711
 2  8 1996  840      712
 2  8 1996  843      713
 2  8 1996  847      714
 2  8 1996  849      715
 2  8 1996  853      716
 2  8 1996  856      717
 2  8 1996  900      718
 2  8 1996  904      719
 2  8 1996  907      720
 2  8 1996  911      721
 2  8 1996  915      722
 2  8 1996  919      723
 2  8 1996  923      724
 2  8 1996  930      725
 2  8 1996  940      726
 2  8 1996  944      727
 2  8 1996  952      728
 2  8 1996  957      729
 2  8 1996 1002      730
 2  8 1996 1006      731
 2  8 1996 1010      732
 2  8 1996 1014      733
 2  8 1996 1019      734
 2  8 1996 1023      735
 2  8 1996 1027      736
 2  8 1996 1030      737
 2  8 1996 1033      738
 2  8 1996 1036      739
 2  8 1996 1040      740
 2  8 1996 1044      741
 2  8 1996 1047      742
 2  8 1996 1050      743
 2  8 1996 1054      744
 2  8 1996 1057      745
 2  8 1996 1059      746
 2  8 1996 1102      747
 2  8 1996 1103      748
 2  8 1996 1106      749
 2  8 1996 1115      750
 2  8 1996 1122      751
 2  8 1996 1128      752
 2  8 1996 1133      753
 2  8 1996 1135      754
 2  8 1996 1137      755
 2  8 1996 1142      756
 2  8 1996 1148      757
 2  8 1996 1158      758
 2  8 1996 1206      759
 2  8 1996 1211      760
 2  8 1996 1215      761
 2  8 1996 1219      762
 2  8 1996 1223      763
 2  8 1996 1228      764
 2  8 1996 1235      765
 2  8 1996 1241      766
 2  8 1996 1249      767
 2  8 1996 1303      768
 2  8 1996 1309      769
 2  8 1996 1317      770
 2  8 1996 1324      771
 2  8 1996 1330      772
 2  8 1996 1337      773
 2  8 1996 1341      774
 2  8 1996 1347      775
 2  8 1996 1356      776
 2  8 1996 1408      777
 2  8 1996 1417      778
 2  8 1996 1424      779
 2  8 1996 1435      780
 2  8 1996 1450      781
 2  8 1996 1454      782
 2  8 1996 1458      783
 2  8 1996 1502      784
 2  8 1996 1504      785
 2  8 1996 1505      786
 2  8 1996 1507      787
 2  8 1996 1511      788
 2  8 1996 1524      789
 2  8 1996 1546      790
 2  8 1996 1557      791
 2  8 1996 1613      792
 2  8 1996 1643      793
 2  8 1996 1707      794
 2  8 1996 1718      795
 2  8 1996 1734      796
 2  8 1996 1753      797
 2  8 1996 1808      798
 2  8 1996 1827      799
 2  8 1996 1859      800
 2  8 1996 2014      801
 2  8 1996 2027      802
 2  8 1996 2045      803
 2  8 1996 2102      804
 2  8 1996 2119      805
 2  8 1996 2133      806
 2  8 1996 2150      807
 2  8 1996 2209      808
 2  8 1996 2230      809
 2  8 1996 2254      810
 2 10 1996 1041      811
 2 17 1996    0      812
 2 17 1996   28      813
 2 17 1996  101      814
 2 17 1996  103      815
 2 17 1996  106      816
 2 17 1996  108      817
 2 17 1996  115      818
 2 17 1996  121      819
 2 17 1996  132      820
 2 17 1996  136      821
 2 17 1996  146      822
 2 17 1996  150      823
 2 17 1996  210      824
 2 17 1996  218      825
 2 17 1996  227      826
 2 17 1996  234      827
 2 17 1996  239      828
 2 17 1996  243      829
 2 17 1996  249      830
 2 17 1996  253      831
 2 17 1996  303      832
 2 17 1996  314      833
 2 17 1996  320      834
 2 17 1996  325      835
 2 17 1996  334      836
 2 17 1996  348      837
 2 17 1996  353      838
 2 17 1996  357      839
 2 17 1996  405      840
 2 17 1996  416      841
 2 17 1996  443      842
 2 17 1996  455      843
 2 17 1996  648      844
 2 17 1996  850      845
 2 17 1996 1223      846
 2 17 1996 1236      847
 2 17 1996 1240      848
 2 17 1996 1257      849
 2 17 1996 1303      850
 2 17 1996 1306      851
 2 17 1996 1309      852
 2 17 1996 1313      853
 2 17 1996 1325      854
 2 17 1996 1349      855
 2 17 1996 1353      856
 2 17 1996 1357      857
 2 17 1996 1404      858
 2 17 1996 1512      859
 2 17 1996 2048      860
 2 17 1996 2256      861
 2 17 1996 2305      862
 2 17 1996 2328      863
 2 17 1996 2342      864
 2 18 1996  453      865
 2 18 1996  530      866
 2 18 1996  539      867
 2 18 1996  551      868
 2 18 1996  555      869
 2 18 1996  601      870
 2 18 1996  624      871
 2 18 1996  827      872
 2 18 1996 1418      873
 2 18 1996 1426      874
 2 18 1996 1431      875
 2 18 1996 1439      876
 2 18 1996 1446      877
 2 18 1996 1451      878
 2 18 1996 1456      879
 2 18 1996 1459      880
 2 18 1996 1502      881
 2 18 1996 1506      882
 2 18 1996 1508      883
 2 18 1996 1513      884
 2 18 1996 1519      885
 2 18 1996 1534      886
 2 18 1996 1543      887
 2 18 1996 1553      888
 2 18 1996 1603      889
 2 18 1996 1619      890
 2 18 1996 1626      891
 2 18 1996 1659      892
 2 18 1996 1726      893
 2 18 1996 1801      894
 2 18 1996 1924      895
 2 18 1996 1935      896
 2 18 1996 1944      897
 2 18 1996 1952      898
 2 18 1996 2000      899
 2 18 1996 2007      900
 2 18 1996 2020      901
 2 18 1996 2101      902
 2 18 1996 2139      903
 2 18 1996 2227      904
 2 18 1996 2320      905
 2 19 1996  316      906
 2 19 1996  319      907
 2 19 1996  343      908
 2 19 1996  350      909
 2 19 1996  819      910
 2 19 1996  831      911
 2 19 1996  859      912
 2 19 1996  906      913
 2 19 1996  911      914
 2 19 1996  916      915
 2 19 1996  937      916
 2 19 1996 1138      917
 2 19 1996 1251      918
 2 19 1996 1329      919
 2 20 1996  225      920
 2 20 1996  228      921
 2 20 1996  230      922
 2 20 1996  231      923
 2 20 1996  232      924
 2 20 1996  233      925
 2 20 1996  235      926
 2 20 1996  239      927
 2 20 1996  241      928
 2 20 1996  243      929
 2 20 1996  245      930
 2 20 1996  245      931
 2 20 1996  247      932
 2 20 1996  612      933
 2 20 1996  623      934
 2 20 1996  751      935
 2 20 1996  755      936
 2 20 1996  759      937
 2 20 1996  910      938
 2 20 1996 1621      939
 2 20 1996 1625      940
 2 20 1996 1627      941
 2 20 1996 1628      942
 2 20 1996 1630      943
 2 20 1996 1632      944
 2 20 1996 1635      945
 2 20 1996 1638      946
 2 20 1996 1641      947
 2 20 1996 1644      948
 2 20 1996 1646      949
 2 20 1996 1650      950
 2 20 1996 1653      951
 2 20 1996 1659      952
 2 20 1996 1704      953
 2 20 1996 1710      954
 2 20 1996 1716      955
 2 20 1996 1721      956
 2 20 1996 1725      957
 2 20 1996 1729      958
 2 20 1996 1734      959
 2 20 1996 1740      960
 2 20 1996 1749      961
 2 20 1996 1755      962
 2 20 1996 1801      963
 2 20 1996 1806      964
 2 20 1996 1811      965
 2 20 1996 1817      966
 2 20 1996 1822      967
 2 20 1996 1829      968
 2 20 1996 1837      969
 2 20 1996 1914      970
 2 20 1996 1948      971
 2 21 1996  826      972
 2 21 1996 1052      973
 2 21 1996 1314      974
 2 21 1996 1319      975
 2 21 1996 1327      976
 2 22 1996 1525      977
 2 22 1996 1547      978
 2 22 1996 1558      979
 2 22 1996 1618      980
 2 22 1996 1700      981
 2 22 1996 1719      982
 2 22 1996 1733      983
 2 22 1996 1803      984
 2 22 1996 1811      985
 2 22 1996 1816      986
 2 22 1996 1832      987
 2 22 1996 1846      988
 2 22 1996 1855      989
 2 22 1996 1904      990
 2 22 1996 1908      991
 2 22 1996 1913      992
 2 22 1996 1923      993
 2 22 1996 1934      994
 2 22 1996 1941      995
 2 22 1996 1946      996
 2 22 1996 1951      997
 2 22 1996 1954      998
 2 22 1996 1957      999
 2 22 1996 2001     1000
 2 22 1996 2004     1001
 2 22 1996 2007     1002
 2 22 1996 2010     1003
 2 22 1996 2014     1004
 2 22 1996 2017     1005
 2 22 1996 2018     1006
 2 22 1996 2020     1007
 2 22 1996 2021     1008
 2 22 1996 2022     1009
 2 22 1996 2023     1010
 2 22 1996 2024     1011
 2 22 1996 2025     1012
 2 22 1996 2026     1013
 2 22 1996 2027     1014
 2 22 1996 2028     1015
 2 22 1996 2029     1016
 2 22 1996 2030     1017
 2 22 1996 2032     1018
 2 22 1996 2033     1019
 2 22 1996 2034     1020
 2 22 1996 2036     1021
 2 22 1996 2037     1022
 2 22 1996 2038     1023
 2 22 1996 2040     1024
 2 22 1996 2041     1025
 2 22 1996 2042     1026
 2 22 1996 2043     1027
 2 22 1996 2045     1028
 2 22 1996 2047     1029
 2 22 1996 2048     1030
 2 22 1996 2050     1031
 2 22 1996 2052     1032
 2 22 1996 2054     1033
 2 22 1996 2057     1034
 2 22 1996 2102     1035
 2 22 1996 2109     1036
 2 22 1996 2112     1037
 2 22 1996 2116     1038
 2 22 1996 2215     1039
 2 22 1996 2220     1040
 2 22 1996 2223     1041
 2 22 1996 2226     1042
 2 22 1996 2233     1043
 2 22 1996 2238     1044
 2 22 1996 2241     1045
 2 22 1996 2244     1046
 2 22 1996 2302     1047
 2 22 1996 2308     1048
 2 22 1996 2319     1049
 2 22 1996 2333     1050
 2 22 1996 2342     1051
 2 22 1996 2348     1052
 2 22 1996 2352     1053
 2 22 1996 2354     1054
 2 22 1996 2357     1055
 2 23 1996    1     1056
 2 23 1996  107     1057
 2 23 1996  131     1058
 2 23 1996  142     1059
 2 23 1996  148     1060
 2 23 1996  152     1061
 2 23 1996  219     1062
 2 23 1996  236     1063
 2 23 1996  248     1064
 2 23 1996  258     1065
 2 23 1996  601     1066
 2 23 1996  931     1067
 2 23 1996 1003     1068
 2 23 1996 1128     1069
 2 23 1996 1131     1070
 2 23 1996 1137     1071
 2 23 1996 1142     1072
 2 23 1996 1314     1073
 2 24 1996 1418     1074
 2 24 1996 1447     1075
 2 24 1996 1509     1076
 2 24 1996 1520     1077
 2 24 1996 1525     1078
 2 24 1996 1534     1079
 2 24 1996 1546     1080
 2 24 1996 1715     1081
 2 25 1996 1029     1082
 2 25 1996 1053     1083
 2 25 1996 1703     1084
 2 25 1996 1712     1085
 2 26 1996 1020     1086
 3  2 1996 1001     1087
 3  3 1996  316     1088
 3  3 1996  345     1089
 3  3 1996  403     1090
 3  3 1996  415     1091
 3  3 1996  424     1092
 3  3 1996  429     1093
 3  3 1996  442     1094
 3  3 1996  452     1095
 3  3 1996  506     1096
 3  3 1996  516     1097
 3  3 1996  521     1098
 3  3 1996  523     1099
 3  3 1996  528     1100
 3  3 1996  539     1101
 3  3 1996  549     1102
 3  3 1996  612     1103
 3  3 1996  632     1104
 3  3 1996  646     1105
 3  3 1996  658     1106
 3  3 1996  709     1107
 3  3 1996  717     1108
 3  3 1996  722     1109
 3  3 1996  744     1110
 3  3 1996  842     1111
 3  3 1996  857     1112
 3  3 1996  901     1113
 3  3 1996  911     1114
 3  3 1996  913     1115
 3  3 1996  915     1116
 3  3 1996  923     1117
 3  3 1996  936     1118
 3  3 1996  943     1119
 3  3 1996  946     1120
 3  3 1996  950     1121
 3  3 1996  954     1122
 3  3 1996  958     1123
 3  3 1996 1005     1124
 3  3 1996 1010     1125
 3  3 1996 1506     1126
 3  3 1996 1512     1127
 3  3 1996 1515     1128
 3  3 1996 1518     1129
 3  3 1996 1520     1130
 3  3 1996 1523     1131
 3  3 1996 1535     1132
 3  3 1996 1804     1133
 3  3 1996 1812     1134
 3  3 1996 1840     1135
 3  3 1996 1904     1136
 3  3 1996 1912     1137
 3  4 1996   14     1138
