"pde20196.dat"
"DP-101  : Tipping bucket rain gage recorder"
"Processed file"
"File creation date   : 1996/02/21 at 09:13:12"
"By                   : Thomas     "
"Start date           : 01-09-96-15:00"
"Interval             : N/A"
"Preset factor        : 01"
"Calibration factors: sensor 1 : 1  sensor 2 : 1"
"Location : Lake Lawrence"
"Note : Snow and Freeezing temperatures end of Jan. early Feb."

"MT" "DY" "YR" "HHMM" "TOTAL   "

 1  9 1996 1509        1
 1  9 1996 1531        2
 1  9 1996 1549        3
 1  9 1996 2214        4
 1 12 1996 1104        5
 1 13 1996 1901        6
 1 13 1996 1910        7
 1 13 1996 1938        8
 1 13 1996 1956        9
 1 13 1996 2010       10
 1 13 1996 2025       11
 1 13 1996 2215       12
 1 13 1996 2231       13
 1 13 1996 2250       14
 1 14 1996  314       15
 1 14 1996  917       16
 1 14 1996 1529       17
 1 14 1996 1539       18
 1 14 1996 1555       19
 1 14 1996 1608       20
 1 14 1996 1614       21
 1 14 1996 1632       22
 1 14 1996 1642       23
 1 14 1996 1709       24
 1 14 1996 1727       25
 1 14 1996 1924       26
 1 14 1996 2156       27
 1 14 1996 2218       28
 1 14 1996 2224       29
 1 14 1996 2238       30
 1 14 1996 2241       31
 1 14 1996 2243       32
 1 14 1996 2248       33
 1 14 1996 2310       34
 1 14 1996 2312       35
 1 14 1996 2314       36
 1 14 1996 2316       37
 1 14 1996 2318       38
 1 14 1996 2320       39
 1 15 1996  421       40
 1 15 1996  425       41
 1 15 1996  428       42
 1 15 1996  429       43
 1 15 1996  431       44
 1 15 1996  433       45
 1 15 1996  434       46
 1 15 1996  435       47
 1 15 1996  436       48
 1 15 1996  437       49
 1 15 1996  438       50
 1 15 1996  440       51
 1 15 1996  441       52
 1 15 1996  442       53
 1 15 1996  444       54
 1 15 1996  445       55
 1 15 1996  446       56
 1 15 1996  447       57
 1 15 1996  449       58
 1 15 1996  450       59
 1 15 1996  450       60
 1 15 1996  450       61
 1 15 1996  450       62
 1 15 1996  451       63
 1 15 1996  451       64
 1 15 1996  451       65
 1 15 1996  451       66
 1 15 1996  452       67
 1 15 1996  453       68
 1 15 1996  454       69
 1 15 1996  458       70
 1 15 1996  500       71
 1 15 1996  502       72
 1 15 1996  504       73
 1 15 1996  508       74
 1 15 1996  738       75
 1 15 1996  801       76
 1 15 1996  804       77
 1 15 1996  810       78
 1 15 1996  823       79
 1 15 1996  904       80
 1 15 1996  924       81
 1 15 1996  926       82
 1 15 1996  927       83
 1 15 1996  928       84
 1 15 1996  929       85
 1 15 1996  931       86
 1 15 1996  932       87
 1 15 1996  933       88
 1 15 1996  935       89
 1 15 1996  937       90
 1 15 1996  939       91
 1 15 1996  941       92
 1 15 1996  944       93
 1 15 1996  949       94
 1 15 1996  953       95
 1 15 1996  958       96
 1 15 1996 1000       97
 1 15 1996 1002       98
 1 15 1996 1003       99
 1 15 1996 1004      100
 1 15 1996 1006      101
 1 15 1996 1008      102
 1 15 1996 1010      103
 1 15 1996 1011      104
 1 15 1996 1013      105
 1 15 1996 1015      106
 1 15 1996 1029      107
 1 15 1996 1039      108
 1 15 1996 1054      109
 1 15 1996 1145      110
 1 15 1996 1203      111
 1 15 1996 1207      112
 1 15 1996 1210      113
 1 15 1996 1212      114
 1 15 1996 1215      115
 1 15 1996 1221      116
 1 15 1996 1225      117
 1 15 1996 1227      118
 1 15 1996 1228      119
 1 15 1996 1233      120
 1 15 1996 1239      121
 1 15 1996 1241      122
 1 15 1996 1243      123
 1 15 1996 1245      124
 1 15 1996 1247      125
 1 15 1996 1249      126
 1 15 1996 1300      127
 1 15 1996 1308      128
 1 15 1996 1321      129
 1 15 1996 1323      130
 1 15 1996 1325      131
 1 15 1996 1327      132
 1 15 1996 1329      133
 1 15 1996 1330      134
 1 15 1996 1332      135
 1 15 1996 1334      136
 1 15 1996 1338      137
 1 15 1996 1343      138
 1 15 1996 1346      139
 1 15 1996 1347      140
 1 15 1996 1349      141
 1 15 1996 1351      142
 1 15 1996 1352      143
 1 15 1996 1353      144
 1 15 1996 1355      145
 1 15 1996 1356      146
 1 15 1996 1357      147
 1 15 1996 1401      148
 1 15 1996 1404      149
 1 15 1996 1406      150
 1 15 1996 1407      151
 1 15 1996 1410      152
 1 15 1996 1439      153
 1 15 1996 1604      154
 1 15 1996 1712      155
 1 15 1996 1735      156
 1 15 1996 1738      157
 1 15 1996 1740      158
 1 15 1996 1742      159
 1 15 1996 1746      160
 1 15 1996 1750      161
 1 15 1996 1753      162
 1 15 1996 1757      163
 1 15 1996 1801      164
 1 15 1996 1804      165
 1 15 1996 1808      166
 1 15 1996 1811      167
 1 15 1996 1813      168
 1 15 1996 1823      169
 1 15 1996 1832      170
 1 15 1996 1838      171
 1 15 1996 1843      172
 1 15 1996 2030      173
 1 15 1996 2032      174
 1 15 1996 2036      175
 1 15 1996 2150      176
 1 16 1996  221      177
 1 16 1996  600      178
 1 18 1996 1531      179
 1 18 1996 1535      180
 1 18 1996 1541      181
 1 18 1996 1648      182
 1 18 1996 1717      183
 1 18 1996 1952      184
 1 18 1996 2018      185
 1 18 1996 2115      186
 1 18 1996 2131      187
 1 18 1996 2142      188
 1 18 1996 2151      189
 1 18 1996 2157      190
 1 18 1996 2201      191
 1 18 1996 2208      192
 1 18 1996 2212      193
 1 18 1996 2216      194
 1 18 1996 2226      195
 1 18 1996 2231      196
 1 18 1996 2236      197
 1 18 1996 2241      198
 1 18 1996 2245      199
 1 18 1996 2249      200
 1 18 1996 2255      201
 1 18 1996 2259      202
 1 18 1996 2302      203
 1 18 1996 2306      204
 1 18 1996 2310      205
 1 18 1996 2314      206
 1 18 1996 2317      207
 1 18 1996 2320      208
 1 18 1996 2323      209
 1 18 1996 2326      210
 1 18 1996 2328      211
 1 18 1996 2331      212
 1 18 1996 2335      213
 1 18 1996 2344      214
 1 18 1996 2354      215
 1 18 1996 2359      216
 1 19 1996    6      217
 1 19 1996  203      218
 1 19 1996  243      219
 1 19 1996  304      220
 1 19 1996  324      221
 1 19 1996  409      222
 1 19 1996  421      223
 1 19 1996  428      224
 1 19 1996  435      225
 1 19 1996  445      226
 1 19 1996  452      227
 1 19 1996  458      228
 1 19 1996  510      229
 1 19 1996  533      230
 1 19 1996  557      231
 1 19 1996  634      232
 1 19 1996 1007      233
 1 19 1996 1036      234
 1 19 1996 1040      235
 1 19 1996 1046      236
 1 19 1996 1051      237
 1 19 1996 1212      238
 1 19 1996 1431      239
 1 19 1996 1910      240
 1 20 1996   22      241
 1 20 1996   39      242
 1 20 1996  105      243
 1 20 1996  316      244
 1 20 1996  345      245
 1 20 1996  359      246
 1 20 1996  412      247
 1 20 1996  432      248
 1 20 1996  444      249
 1 20 1996  453      250
 1 20 1996  507      251
 1 20 1996  550      252
 1 20 1996  603      253
 1 20 1996  615      254
 1 20 1996  645      255
 1 20 1996  922      256
 1 20 1996  927      257
 1 20 1996  929      258
 1 20 1996  931      259
 1 20 1996  932      260
 1 20 1996  933      261
 1 20 1996  934      262
 1 20 1996  935      263
 1 20 1996  936      264
 1 20 1996  938      265
 1 20 1996  939      266
 1 20 1996  940      267
 1 20 1996  942      268
 1 20 1996  945      269
 1 20 1996  948      270
 1 20 1996  950      271
 1 20 1996  952      272
 1 20 1996  955      273
 1 20 1996 1037      274
 1 20 1996 1044      275
 1 20 1996 1051      276
 1 20 1996 1052      277
 1 20 1996 1055      278
 1 20 1996 1057      279
 1 20 1996 1059      280
 1 20 1996 1107      281
 1 20 1996 1149      282
 1 20 1996 1151      283
 1 20 1996 1251      284
 1 20 1996 1327      285
 1 20 1996 1453      286
 1 20 1996 1518      287
 1 20 1996 1526      288
 1 20 1996 1529      289
 1 20 1996 1531      290
 1 20 1996 1534      291
 1 20 1996 1536      292
 1 20 1996 1538      293
 1 20 1996 1554      294
 1 20 1996 1713      295
 1 20 1996 1719      296
 1 20 1996 1724      297
 1 20 1996 1751      298
 1 20 1996 1801      299
 1 20 1996 1817      300
 1 20 1996 1826      301
 1 20 1996 1854      302
 1 20 1996 1857      303
 1 20 1996 2053      304
 1 20 1996 2058      305
 1 20 1996 2105      306
 1 20 1996 2107      307
 1 20 1996 2110      308
 1 20 1996 2206      309
 1 20 1996 2232      310
 1 20 1996 2312      311
 1 21 1996   58      312
 1 21 1996  237      313
 1 21 1996  253      314
 1 21 1996  254      315
 1 21 1996  256      316
 1 21 1996  259      317
 1 21 1996  520      318
 1 21 1996 1116      319
 1 21 1996 1133      320
 1 21 1996 1140      321
 1 21 1996 1207      322
 1 21 1996 1411      323
 1 21 1996 1422      324
 1 21 1996 1503      325
 1 21 1996 1504      326
 1 21 1996 1507      327
 1 21 1996 1509      328
 1 21 1996 1510      329
 1 21 1996 1627      330
 1 21 1996 2054      331
 1 22 1996 1601      332
 1 22 1996 1606      333
 1 22 1996 1621      334
 1 22 1996 1641      335
 1 22 1996 1721      336
 1 22 1996 1730      337
 1 22 1996 1733      338
 1 22 1996 1734      339
 1 22 1996 1744      340
 1 22 1996 1822      341
 1 22 1996 2004      342
 1 22 1996 2042      343
 1 23 1996  247      344
 1 23 1996  312      345
 1 23 1996  318      346
 1 23 1996  323      347
 1 23 1996  334      348
 1 23 1996  421      349
 1 23 1996  432      350
 1 23 1996  509      351
 1 23 1996  517      352
 1 23 1996  626      353
 1 23 1996  713      354
 1 24 1996 1801      355
 1 24 1996 1813      356
 1 24 1996 1827      357
 1 24 1996 1847      358
 1 24 1996 1924      359
 1 24 1996 2006      360
 1 25 1996 1210      361
 1 25 1996 1216      362
 1 25 1996 1218      363
 1 25 1996 1220      364
 1 25 1996 1223      365
 1 25 1996 1226      366
 1 25 1996 1229      367
 1 25 1996 1232      368
 1 25 1996 1234      369
 1 25 1996 1237      370
 1 25 1996 1239      371
 1 25 1996 1242      372
 1 25 1996 1245      373
 1 25 1996 1248      374
 1 25 1996 1253      375
 1 25 1996 1257      376
 1 25 1996 1302      377
 1 25 1996 1310      378
 1 26 1996 1106      379
 1 27 1996 1447      380
 1 27 1996 1453      381
 1 27 1996 1458      382
 1 27 1996 1504      383
 1 27 1996 1513      384
 1 27 1996 1518      385
 1 27 1996 1525      386
 1 27 1996 1531      387
 1 27 1996 1540      388
 1 27 1996 1550      389
 1 27 1996 1608      390
 1 27 1996 1635      391
 1 28 1996  802      392
 1 28 1996  859      393
 1 28 1996  935      394
 1 28 1996  946      395
 1 28 1996 1004      396
 1 28 1996 1018      397
 1 28 1996 1032      398
 1 28 1996 1046      399
 1 28 1996 1104      400
 1 28 1996 1125      401
 1 28 1996 1151      402
 1 28 1996 1207      403
 1 28 1996 1216      404
 1 28 1996 1226      405
 1 28 1996 1235      406
 1 28 1996 1244      407
 1 28 1996 1257      408
 1 28 1996 1324      409
 1 28 1996 1332      410
 1 28 1996 1338      411
 1 28 1996 1348      412
 1 30 1996 1154      413
 1 30 1996 1216      414
 1 30 1996 1233      415
 1 30 1996 1238      416
 1 30 1996 1248      417
 2  1 1996 1129      418
 2  2 1996 1138      419
 2  4 1996  926      420
 2  4 1996 1001      421
 2  4 1996 1004      422
 2  4 1996 1012      423
 2  4 1996 1022      424
 2  4 1996 1037      425
 2  4 1996 1043      426
 2  4 1996 1051      427
 2  4 1996 1101      428
 2  4 1996 1109      429
 2  4 1996 1120      430
 2  4 1996 1125      431
 2  4 1996 1132      432
 2  4 1996 2352      433
 2  5 1996    3      434
 2  5 1996   14      435
 2  5 1996   21      436
 2  5 1996   33      437
 2  5 1996   45      438
 2  5 1996  808      439
 2  5 1996  835      440
 2  5 1996  839      441
 2  5 1996  841      442
 2  5 1996  842      443
 2  5 1996  845      444
 2  5 1996  847      445
 2  5 1996  849      446
 2  5 1996  851      447
 2  5 1996  852      448
 2  5 1996  854      449
 2  5 1996  855      450
 2  5 1996  857      451
 2  5 1996  859      452
 2  5 1996  900      453
 2  5 1996  901      454
 2  5 1996  903      455
 2  5 1996  904      456
 2  5 1996  904      457
 2  5 1996  905      458
 2  5 1996  907      459
 2  5 1996  909      460
 2  5 1996  944      461
